100 20 100
41 53 396 33 199 190 182 334 377 199 162 437 346 197 58 435 114 328 119 245 37 96 258 187 253 351 39 445 384 81 355 426 381 497 205 79 186 388 413 309 333 322 246 178 18 50 112 379 124 478 123 408 321 381 95 73 232 381 18 362 208 119 33 88 115 239 167 47 126 327 357 459 148 349 383 413 145 241 291 270 219 415 177 39 41 18 359 19 399 377 382 106 496 415 194 110 153 108 405 25 
435 261 230 329 109 112 241 0 100 31 270 319 192 194 104 234 212 209 253 358 86 134 464 328 49 405 185 449 259 89 475 440 96 451 268 205 310 255 452 410 32 222 475 225 416 325 205 374 33 458 231 119 339 442 194 388 92 379 82 97 214 303 36 310 254 50 261 63 51 212 473 83 180 193 54 342 17 259 216 50 464 193 417 302 381 110 436 219 235 17 62 195 321 98 4 321 395 11 384 192 
223 102 22 404 41 76 245 58 82 207 108 45 147 271 347 274 381 28 494 362 45 55 56 112 401 307 179 41 318 62 234 288 411 2 191 452 78 182 256 407 136 111 452 283 382 44 56 9 72 49 371 365 352 174 223 499 227 403 39 45 211 19 79 369 21 270 66 347 198 323 253 334 434 452 116 61 242 420 70 61 215 188 172 66 362 395 64 88 43 351 380 255 116 459 123 138 475 189 231 173 
258 484 253 438 181 370 500 424 35 69 231 250 257 403 317 365 43 127 200 87 224 79 342 341 285 211 225 5 146 456 425 405 185 178 88 113 294 87 36 329 157 13 78 160 416 141 25 459 15 225 45 239 50 133 326 81 344 50 87 491 252 258 141 438 436 229 50 476 317 333 50 220 346 129 380 7 16 151 466 31 376 258 271 173 391 96 0 235 394 87 472 145 92 112 329 274 341 125 250 404 
204 300 123 49 175 250 303 192 401 269 470 23 273 487 196 163 330 196 144 223 30 115 114 369 227 444 142 315 315 138 218 19 439 342 315 360 338 118 298 238 133 14 261 406 0 203 68 330 146 460 299 423 74 414 291 48 103 433 363 418 71 327 183 256 415 499 362 252 116 407 491 249 421 498 401 421 201 215 251 347 174 296 15 249 209 306 297 58 485 406 477 302 232 406 304 147 404 166 399 266 
319 135 261 239 133 161 159 80 377 156 173 50 453 188 45 408 240 342 467 224 494 189 273 473 94 76 119 245 489 264 10 307 400 272 292 279 179 198 359 302 354 31 353 52 219 144 207 459 233 173 429 226 362 201 198 202 24 63 447 259 328 458 313 474 476 104 499 401 302 357 203 403 388 302 201 353 446 408 57 178 80 232 405 188 434 349 137 204 413 83 463 487 287 21 206 8 126 204 410 174 
60 359 323 194 160 24 293 105 432 96 30 259 328 181 193 7 29 330 211 188 160 421 421 193 442 126 449 314 330 358 489 136 463 311 76 122 81 115 474 13 211 3 18 39 431 458 46 207 34 4 395 194 425 316 133 112 188 81 427 265 185 161 401 147 218 224 15 300 339 236 59 297 239 77 336 417 34 128 123 68 132 264 8 303 79 389 162 14 470 88 279 402 496 426 295 213 149 311 259 235 
46 318 31 31 141 113 448 423 241 317 237 120 81 493 423 407 381 84 421 96 419 199 498 160 372 293 120 20 350 379 1 142 444 32 173 331 145 368 253 387 431 237 253 11 229 422 419 356 6 339 452 171 285 196 78 156 235 198 423 84 323 425 226 12 203 145 344 349 259 343 482 190 79 481 201 54 402 366 410 154 452 362 326 483 304 150 385 38 348 307 122 417 478 94 430 181 486 19 276 245 
362 3 181 188 484 382 242 385 495 399 39 446 6 111 428 310 261 312 348 355 365 216 17 343 310 447 270 295 212 292 286 321 295 467 8 278 95 497 409 89 395 194 281 401 305 208 210 312 266 304 166 130 19 184 219 329 377 489 371 336 280 403 156 321 116 164 345 211 407 254 46 302 194 73 449 500 281 159 57 293 463 471 169 229 154 389 304 277 123 421 112 150 324 268 471 440 178 62 397 85 
62 189 133 256 262 81 1 289 487 59 328 196 29 497 425 430 385 228 453 8 149 65 405 219 79 375 405 4 183 47 336 245 236 469 1 244 296 2 279 283 61 106 225 337 102 149 266 234 123 219 489 18 30 393 237 356 13 141 106 197 435 442 442 170 410 189 160 453 439 185 235 246 291 206 83 140 101 95 120 224 314 108 490 90 247 226 447 260 114 52 203 48 241 145 466 397 80 372 349 18 
57 330 265 94 35 348 481 136 443 100 107 3 455 96 93 201 68 286 462 182 85 411 478 72 302 443 469 383 314 318 401 117 147 165 212 430 259 192 312 449 39 419 452 494 261 291 195 330 324 403 258 155 313 235 227 115 424 195 498 485 12 144 101 407 56 59 82 61 252 394 9 291 59 461 30 320 499 225 396 322 127 154 477 187 135 203 302 59 398 45 290 157 436 391 310 492 197 392 53 449 
31 309 486 90 270 262 157 14 488 52 336 361 206 58 47 342 7 95 147 151 387 437 308 69 73 364 307 270 1 360 465 33 416 196 123 432 459 280 446 192 79 27 52 285 85 347 373 92 188 266 490 322 449 44 391 22 408 197 38 410 304 3 189 219 446 58 150 404 339 342 342 164 369 395 449 200 488 68 38 175 80 27 243 29 71 133 51 480 77 336 135 381 85 324 346 31 382 242 181 467 
83 23 130 452 164 326 151 151 140 436 72 220 463 316 249 34 195 46 260 272 383 395 399 468 465 244 499 346 486 427 59 68 450 189 266 360 261 163 10 401 98 329 121 61 391 370 342 86 417 348 104 45 489 3 12 453 494 258 44 480 431 350 294 380 286 307 486 46 470 496 448 315 70 315 122 462 431 464 294 347 311 398 392 45 401 151 498 395 155 288 120 85 138 160 211 424 213 196 470 183 
438 163 244 7 224 366 469 155 329 262 1 386 407 140 431 307 37 174 448 192 462 314 277 346 221 234 269 434 430 486 363 367 395 106 374 119 472 89 274 46 97 21 178 3 408 355 57 445 28 251 383 237 65 406 329 32 139 98 466 68 330 75 181 224 181 55 343 153 391 116 446 488 385 124 238 292 479 295 237 254 45 119 237 357 272 312 389 411 410 101 226 486 176 407 210 357 208 299 256 98 
162 449 333 46 72 70 338 297 365 74 297 156 441 280 13 212 92 402 369 248 2 94 234 178 1 190 282 456 489 284 54 150 232 387 196 50 203 281 348 67 101 391 470 41 171 483 500 9 131 115 257 133 456 237 58 457 427 86 159 162 370 213 58 349 346 1 399 48 282 246 362 383 384 331 171 301 314 417 310 445 31 313 324 488 50 128 190 223 461 349 131 331 308 190 426 153 191 324 201 473 
317 309 101 200 140 272 0 200 189 56 391 467 115 461 454 412 336 391 135 296 239 266 373 294 202 298 447 393 122 395 365 439 203 467 385 89 485 385 35 420 187 426 387 302 133 86 214 469 477 95 264 463 107 384 256 310 181 449 202 49 343 314 488 293 26 372 382 10 2 164 431 436 89 63 485 469 149 198 437 126 39 448 335 393 331 90 202 258 38 151 308 128 211 41 421 237 414 48 494 162 
212 170 345 48 480 329 16 129 273 200 255 58 147 89 451 224 426 400 482 210 297 289 338 7 331 4 491 491 53 230 399 11 147 490 306 126 318 69 255 337 269 256 395 162 91 346 132 263 492 360 474 288 149 311 295 226 62 31 463 115 261 107 373 154 97 426 281 161 495 282 499 9 285 393 418 376 485 49 386 476 409 359 263 304 416 304 276 478 335 485 339 343 92 459 497 436 384 277 96 378 
306 94 133 90 488 50 212 218 346 97 194 0 202 203 51 118 7 73 342 88 58 181 431 397 386 174 332 269 451 428 393 2 22 25 92 256 322 305 474 414 402 414 160 351 117 458 469 371 31 310 205 336 237 136 232 369 310 63 137 6 237 276 9 259 47 348 261 115 152 482 28 301 395 436 151 258 139 366 128 417 422 334 252 159 216 230 27 272 39 412 24 277 187 33 282 235 382 43 350 280 
24 125 327 165 307 478 424 446 343 298 363 265 378 361 170 93 91 444 111 130 101 136 407 289 416 436 270 43 479 366 324 249 491 150 414 43 375 83 490 464 382 98 475 259 459 144 99 296 335 210 173 436 92 326 471 8 261 240 51 239 353 121 234 343 18 148 133 393 231 122 356 359 467 331 365 171 221 464 468 302 420 140 485 12 212 455 20 474 442 318 459 294 440 193 383 458 87 15 96 64 
384 198 424 96 275 288 268 243 498 235 44 417 121 28 175 333 230 442 306 418 260 265 458 446 204 86 149 291 349 245 355 479 189 278 75 465 312 343 207 309 77 498 473 445 273 147 277 249 89 330 413 95 341 370 40 291 456 189 81 50 180 436 29 115 461 104 79 18 447 32 74 270 277 46 214 296 193 237 44 28 313 457 123 153 72 163 444 274 98 271 325 24 454 354 140 160 458 466 178 150 
245 252 420 268 44 133 63 485 116 354 12 430 56 136 329 128 45 19 402 391 36 473 161 490 326 301 149 29 13 74 179 4 72 98 272 117 478 335 101 94 435 113 270 491 496 345 365 288 364 266 178 401 486 339 136 311 387 286 341 400 106 19 404 178 365 422 295 342 256 396 182 437 256 198 427 251 43 291 38 153 303 463 53 288 302 437 346 435 469 186 334 74 452 484 252 316 405 47 405 407 
189 86 343 445 285 15 196 74 52 481 227 355 444 27 390 492 464 235 426 432 167 5 5 365 235 3 181 386 297 332 38 487 164 381 177 195 142 373 269 194 100 497 295 290 23 184 281 233 165 206 164 332 458 416 197 192 419 124 77 463 456 115 449 119 242 125 315 130 245 330 324 91 326 118 381 95 49 161 328 214 113 238 46 70 400 490 8 65 113 332 27 315 193 222 180 181 347 241 311 338 
71 134 429 143 499 309 239 47 470 313 262 329 298 54 145 444 43 153 8 156 485 282 217 177 3 397 358 97 138 168 435 456 48 364 98 294 419 337 341 135 397 349 464 441 403 109 384 446 8 139 348 494 421 64 417 171 462 21 268 346 436 449 301 485 312 399 24 478 483 111 112 125 461 322 65 363 177 195 55 186 334 403 179 1 468 342 172 175 363 440 20 299 388 67 29 447 466 53 170 194 
164 282 319 371 350 130 234 27 326 289 213 406 438 138 407 405 480 78 79 343 264 346 388 399 413 417 91 125 216 261 319 126 289 385 498 138 14 231 165 340 266 124 493 203 262 399 355 242 478 180 331 488 273 465 386 185 127 477 56 343 484 376 215 272 6 212 411 20 189 322 107 201 447 99 405 208 244 5 196 468 185 273 456 458 237 87 390 110 311 446 453 294 67 415 66 73 126 223 341 316 
44 194 263 491 39 167 446 283 419 141 251 104 415 206 308 398 39 444 8 350 390 207 391 203 121 203 23 495 426 364 56 216 304 319 207 343 233 152 125 151 39 376 1 454 328 56 98 368 500 353 217 135 59 354 339 428 56 108 168 482 218 224 198 21 42 151 364 275 49 235 173 88 111 174 289 185 477 387 52 477 239 16 111 44 370 196 218 173 304 386 401 21 109 345 289 399 496 399 420 44 
134 92 133 492 13 168 176 490 54 476 212 39 238 324 330 354 266 295 26 317 180 428 84 36 272 374 435 14 18 100 305 152 193 184 390 453 352 313 442 406 288 154 191 272 224 268 125 236 62 399 52 489 326 384 24 344 3 205 358 21 306 163 421 245 347 310 197 446 122 385 97 156 38 289 428 8 303 300 245 365 198 43 353 270 427 124 113 430 75 218 452 127 127 372 372 220 428 315 165 50 
200 263 453 485 298 127 494 100 427 485 465 124 27 63 394 455 434 253 130 9 217 328 136 344 446 255 311 374 316 222 170 262 485 122 247 28 249 487 128 422 471 339 45 244 149 185 445 82 185 75 338 148 149 475 239 95 476 49 215 291 271 385 53 2 253 46 30 249 32 406 170 249 491 463 493 139 394 438 469 325 259 306 474 408 26 212 2 1 261 217 39 278 348 339 280 101 385 57 96 163 
463 12 412 199 221 150 339 115 87 53 186 346 359 159 0 386 371 2 133 378 467 419 403 314 257 429 161 388 486 3 297 194 16 455 394 237 105 479 98 439 31 285 31 136 190 31 21 308 280 402 185 493 320 334 307 324 263 214 211 248 465 255 189 481 209 329 464 60 53 309 500 84 340 30 467 29 308 489 337 334 136 269 327 456 102 133 279 111 93 237 106 57 492 295 284 447 370 495 7 423 
303 6 253 142 283 219 418 337 454 255 170 89 270 497 292 372 376 70 484 470 53 89 273 291 130 304 238 500 44 245 422 93 498 174 235 26 393 399 363 347 153 32 182 169 29 474 41 151 291 271 120 90 106 140 382 483 190 366 482 234 110 149 327 354 69 308 380 208 206 242 301 106 20 484 275 296 203 62 448 494 79 314 84 432 454 212 414 390 77 141 370 434 36 443 287 105 250 166 314 203 
154 361 55 174 344 76 471 47 386 418 287 211 231 117 390 432 329 303 67 406 191 438 339 474 380 372 79 377 37 139 326 438 500 381 359 90 203 75 384 335 493 170 46 470 288 436 147 116 485 215 269 422 399 107 396 278 480 221 401 263 106 226 448 352 353 306 442 56 381 71 137 119 242 183 335 276 365 483 392 350 444 407 17 342 261 413 366 487 133 267 249 486 239 443 338 92 248 25 395 375 
97 31 240 85 462 75 361 326 304 499 422 247 406 440 335 166 352 447 152 232 213 147 464 199 90 301 291 84 327 432 206 170 463 446 255 424 20 115 497 324 113 418 317 18 357 398 431 456 345 82 434 304 230 397 2 66 445 293 397 17 471 102 187 434 48 442 103 315 303 99 139 162 264 202 181 367 100 358 322 445 441 1 248 417 399 251 229 343 290 125 360 261 228 293 441 22 234 290 337 283 
136 222 445 400 425 372 266 271 230 335 215 417 336 209 79 481 206 308 323 243 179 429 250 407 221 190 429 201 226 266 484 362 488 175 261 158 46 274 429 22 355 390 439 190 346 17 418 51 71 240 40 251 416 290 404 383 226 79 84 453 91 314 314 325 489 322 484 282 95 158 304 196 48 243 386 394 6 303 191 325 290 232 75 452 21 225 334 248 304 164 200 395 479 260 220 213 81 450 495 423 
107 45 118 402 34 251 295 40 300 233 111 336 465 433 287 232 158 368 226 462 31 172 103 256 433 323 216 260 272 457 183 379 1 47 281 35 44 322 323 345 301 434 427 11 367 461 244 271 328 216 232 105 389 335 108 321 404 324 327 175 26 256 301 28 304 328 310 348 396 132 439 197 313 366 208 426 326 198 196 153 415 174 4 303 256 359 370 406 429 196 81 456 453 128 230 2 202 39 350 97 
419 35 40 231 401 249 403 226 193 345 125 107 265 376 410 20 235 25 427 163 469 254 365 421 128 94 169 76 134 265 420 52 300 461 29 200 456 432 172 148 22 297 256 287 173 412 54 154 438 227 317 406 227 429 72 355 22 488 177 156 252 96 455 52 56 484 499 11 161 171 407 430 468 162 217 387 73 17 40 257 244 104 409 471 32 227 71 54 214 248 458 467 344 412 265 147 142 263 158 49 
434 64 480 148 473 443 281 293 460 322 49 450 172 205 166 204 432 237 4 146 231 208 359 321 367 123 468 255 132 373 304 66 437 29 461 156 218 241 449 424 309 244 373 481 449 285 431 381 268 182 26 499 390 131 320 256 254 33 10 386 406 61 198 89 90 158 245 55 146 193 479 455 183 98 436 132 383 366 12 151 294 285 149 184 416 215 186 416 496 197 301 401 4 246 490 341 150 481 396 296 
420 375 251 103 219 433 235 101 44 494 252 339 278 148 269 440 109 455 355 104 398 402 252 402 147 241 243 298 469 385 340 388 5 337 237 224 269 472 326 60 211 324 399 489 472 167 174 81 121 28 432 266 431 183 167 324 171 156 368 139 41 208 273 46 44 10 271 60 228 343 120 440 166 18 174 138 432 349 466 299 123 143 64 53 327 232 124 244 134 492 383 175 446 402 469 491 412 239 297 387 
81 417 326 247 181 246 131 359 94 343 157 465 487 222 17 59 200 388 303 334 380 432 256 325 333 224 61 245 463 358 131 290 20 203 283 448 449 161 306 290 3 464 254 236 432 17 295 378 406 344 211 31 275 467 356 108 190 164 353 399 268 230 188 35 433 218 483 127 379 289 417 128 499 170 365 176 435 406 53 340 250 264 371 24 478 473 132 167 383 485 313 151 461 0 186 393 465 415 20 343 
450 183 472 448 100 82 123 34 488 176 120 237 187 237 262 164 456 394 77 339 125 390 236 85 137 168 225 101 82 492 191 32 174 162 226 274 244 350 54 231 272 174 215 459 411 477 122 367 116 447 452 241 336 187 73 473 355 298 321 183 289 11 215 463 420 442 484 410 37 37 140 309 459 101 14 369 77 136 482 194 329 433 181 165 366 254 384 220 51 451 404 86 462 365 296 127 52 279 36 89 
62 424 145 20 24 159 136 102 41 364 42 371 297 470 282 409 224 412 129 275 363 279 108 70 390 404 198 443 182 234 278 491 157 423 11 182 81 394 30 370 257 319 240 300 288 268 209 11 179 84 33 41 363 141 112 499 44 310 441 473 43 466 463 448 388 220 376 216 360 406 332 117 471 71 417 258 339 372 16 264 456 296 306 64 183 164 63 227 474 250 446 263 215 154 457 350 375 332 312 234 
484 143 97 454 461 261 212 45 132 475 309 335 270 361 399 453 24 208 426 244 205 371 254 166 271 210 262 145 289 73 126 272 463 223 226 169 230 184 214 363 158 270 197 174 130 342 373 402 297 298 145 1 415 399 414 185 356 176 77 144 496 203 416 459 172 388 127 403 71 88 11 476 358 455 396 234 296 268 135 339 312 281 340 226 426 0 158 27 176 235 171 171 184 334 129 356 468 3 4 39 
91 15 261 449 470 157 182 12 425 318 351 237 345 438 209 16 438 367 44 113 348 462 30 31 41 160 134 9 410 138 295 0 401 55 195 370 459 123 128 130 441 480 113 31 163 322 295 347 436 85 206 283 293 236 61 335 142 195 90 51 79 131 298 480 186 493 350 392 116 478 21 303 203 134 81 112 202 376 459 384 461 164 167 500 147 475 334 289 169 170 87 495 301 385 475 234 124 70 125 240 
47 393 289 498 273 370 356 475 492 315 105 452 225 18 452 372 493 31 408 408 449 495 402 249 125 376 229 249 446 100 235 240 493 24 484 265 140 339 487 132 400 91 330 125 356 27 243 348 306 397 255 254 391 403 249 263 279 225 11 471 325 494 457 318 264 440 329 404 25 61 282 425 399 112 296 254 386 39 348 191 436 102 191 73 252 187 336 30 412 93 247 483 86 204 300 350 143 376 0 168 
183 282 340 329 140 135 82 26 174 177 464 357 25 402 176 277 88 258 307 246 351 301 228 184 4 275 280 147 397 280 62 79 62 402 154 449 36 237 475 458 160 185 60 185 86 236 463 421 240 15 166 90 316 140 20 320 415 301 214 57 80 22 384 389 424 37 338 206 20 58 410 180 490 216 366 75 198 74 242 438 89 154 275 152 295 295 218 456 95 178 13 423 200 397 57 370 180 141 323 201 
200 232 381 436 449 493 11 393 66 253 331 403 408 105 54 449 400 18 404 242 197 163 164 143 306 221 13 487 363 82 434 309 60 314 244 8 53 1 402 366 1 479 268 155 83 68 103 483 87 253 224 30 163 134 173 469 102 433 201 211 14 134 266 75 195 9 330 248 258 478 113 5 456 128 160 285 196 9 14 29 8 485 306 171 119 480 140 221 158 341 432 173 222 197 495 417 453 70 164 457 
48 277 462 250 151 368 35 348 377 49 123 386 33 430 303 399 409 443 366 313 30 43 486 252 487 226 168 186 297 78 142 91 101 351 341 253 218 122 100 342 418 470 474 198 399 276 96 53 219 209 367 496 252 98 494 239 71 408 425 368 486 313 459 86 163 45 85 382 168 185 470 332 402 443 29 300 218 373 100 183 81 467 425 333 311 418 318 382 325 489 249 56 302 454 143 465 500 228 92 414 
160 61 245 308 250 21 107 215 394 207 144 221 420 69 300 231 233 118 112 58 106 108 361 154 61 250 119 307 225 458 467 131 266 459 439 15 480 45 230 119 500 121 340 419 190 386 396 423 3 8 227 357 363 88 10 170 84 376 478 309 334 190 440 99 148 378 361 374 170 338 239 169 459 325 334 395 211 230 317 461 485 291 63 347 125 74 16 209 196 240 18 29 177 458 375 71 82 236 192 252 
320 431 167 278 2 247 172 460 223 235 420 207 25 484 300 150 304 63 106 500 49 124 276 226 328 150 44 156 132 236 154 452 413 321 476 415 315 147 120 37 129 40 492 154 270 291 51 320 100 157 319 397 27 341 122 101 492 413 4 370 148 158 322 61 226 297 222 40 191 343 324 320 129 315 220 145 353 271 465 453 174 29 349 448 371 218 296 108 130 300 478 25 204 45 86 430 89 54 470 280 
143 40 346 272 355 65 163 207 83 127 407 3 404 1 198 274 219 494 128 96 39 352 121 243 398 454 173 487 254 389 12 398 429 358 416 30 169 326 237 252 453 390 256 102 392 200 122 357 193 250 453 479 102 320 221 500 19 140 232 20 276 244 418 451 348 79 481 16 405 465 15 104 354 17 206 245 217 329 102 156 325 301 134 427 121 101 172 387 242 150 407 264 140 70 214 488 397 195 251 301 
159 266 151 259 283 104 4 246 179 106 402 3 153 282 177 274 383 95 408 124 246 314 388 386 385 349 120 281 43 371 328 449 383 226 207 412 330 458 404 255 310 305 258 464 86 181 484 469 23 391 340 269 205 474 401 336 322 267 363 111 384 190 59 266 416 13 424 492 471 327 246 281 131 251 491 464 432 474 179 201 365 18 470 69 492 117 151 60 384 13 171 268 450 231 280 366 491 451 103 207 
277 350 488 155 347 478 118 24 198 43 226 62 61 442 378 300 58 28 106 189 288 277 203 237 254 229 349 244 179 453 452 457 48 185 358 395 410 222 419 107 266 391 416 73 333 293 119 137 321 225 72 108 2 275 91 2 251 441 247 430 393 445 132 441 376 490 81 31 212 246 138 224 137 300 297 216 92 417 353 159 141 426 13 390 447 105 393 444 45 386 374 184 76 252 371 452 489 452 484 447 
444 368 170 327 168 467 42 6 383 142 166 271 314 426 407 6 30 299 451 322 431 70 5 6 322 122 205 56 320 435 2 264 48 172 337 463 386 380 470 14 268 382 285 328 307 439 334 84 237 284 406 415 100 158 421 169 26 372 225 347 306 475 357 355 146 193 317 278 319 32 293 86 414 324 414 468 262 495 51 246 24 203 160 125 107 327 294 134 199 265 481 251 239 83 352 132 276 169 410 95 
448 202 428 362 26 88 75 34 82 126 280 106 75 186 231 430 260 271 63 459 36 290 456 275 373 308 407 395 223 63 490 170 265 164 31 37 252 353 319 334 479 98 440 301 31 171 230 291 188 39 496 224 75 451 246 194 258 399 88 481 462 325 151 474 489 429 257 240 282 75 73 6 421 259 53 452 176 29 242 365 68 237 335 143 187 80 83 192 226 172 172 434 497 69 407 231 245 411 471 273 
486 43 25 406 302 79 357 479 108 98 89 424 81 424 313 269 4 397 461 477 68 379 410 311 195 317 41 186 227 11 459 459 301 230 365 349 309 468 73 164 313 409 87 394 333 146 162 83 42 369 59 357 495 469 167 436 31 455 121 4 212 326 210 259 55 74 355 365 41 174 275 100 83 108 495 416 254 403 499 297 18 304 400 12 272 67 194 50 268 315 301 481 387 10 486 442 331 340 52 119 
14 327 219 97 181 213 12 436 116 257 479 134 60 378 393 78 191 86 375 460 147 176 186 33 433 418 221 264 258 274 383 272 347 101 115 28 315 374 210 177 377 188 311 437 65 450 261 3 282 383 209 175 58 141 455 491 58 175 0 316 449 383 334 42 485 449 317 45 68 26 222 445 214 279 127 25 475 135 275 256 17 484 431 75 124 385 312 183 306 313 245 1 442 79 43 426 274 360 217 89 
386 439 33 346 464 408 117 438 42 393 440 59 376 370 381 247 0 439 176 307 251 421 308 440 246 97 365 267 457 82 356 88 267 135 434 231 42 297 415 84 189 355 390 312 471 270 305 472 209 481 24 206 147 78 145 140 175 257 153 378 85 8 466 352 390 145 329 433 442 491 263 378 345 153 189 315 423 240 32 378 220 303 84 113 381 229 253 55 232 406 179 317 160 144 416 297 35 491 476 224 
481 238 101 325 137 36 387 307 276 419 184 242 222 14 355 349 491 355 151 222 6 330 39 414 221 455 210 256 191 185 480 172 169 327 243 53 363 129 360 385 295 290 126 263 305 228 111 41 329 8 263 335 339 48 495 59 249 204 61 441 135 41 112 305 114 355 104 478 231 464 362 25 253 235 34 304 463 392 345 291 401 355 372 239 403 367 44 152 317 105 92 453 393 451 3 7 51 107 231 282 
317 339 53 316 73 334 120 282 226 211 319 373 65 191 358 215 304 402 367 120 253 205 319 146 402 68 400 453 422 130 235 238 469 34 54 289 369 421 70 341 378 390 213 444 327 70 405 377 472 271 497 471 222 62 363 123 130 262 75 52 138 56 36 354 338 90 142 206 257 459 46 135 348 5 325 421 75 229 297 293 246 40 263 468 349 126 337 479 134 158 277 19 215 60 373 52 150 14 4 154 
473 297 289 67 302 113 234 377 88 31 416 334 318 178 47 166 50 130 391 432 288 415 451 2 475 323 301 124 83 305 278 302 101 313 115 149 172 350 25 260 127 441 340 445 366 133 110 162 263 0 93 51 161 43 53 135 112 101 6 442 406 284 491 254 344 105 403 15 201 175 22 328 362 362 18 227 496 128 390 258 376 483 309 36 273 109 419 131 210 425 320 362 208 56 115 298 161 265 314 109 
440 336 183 301 444 202 28 439 76 164 444 452 393 499 235 412 107 153 290 63 77 109 426 31 165 287 76 72 51 390 181 237 472 111 38 161 313 313 100 389 223 290 87 115 288 322 27 142 221 317 452 44 172 123 322 337 411 398 155 208 33 83 192 4 194 230 166 6 289 12 395 11 48 228 373 82 49 146 471 16 209 423 60 381 292 129 464 449 26 119 404 60 449 95 311 142 71 477 395 360 
235 35 117 29 264 236 112 59 383 82 76 91 251 383 219 290 11 182 238 38 47 141 345 496 236 155 384 307 379 278 413 113 60 276 390 324 12 1 383 141 330 205 479 328 88 197 117 346 126 101 130 173 243 475 416 225 130 45 32 8 70 191 368 130 468 257 454 226 4 82 367 335 288 345 409 376 42 25 468 415 126 98 334 115 72 249 341 202 41 119 457 111 56 71 488 270 328 441 496 333 
22 108 414 56 454 68 432 242 93 400 156 466 498 490 328 316 486 415 265 273 33 221 384 336 292 371 106 367 57 101 446 326 210 105 383 410 173 60 151 12 206 53 224 450 289 51 266 20 466 30 293 245 498 423 81 36 293 187 403 96 34 348 169 491 199 51 400 372 358 297 384 64 96 107 260 386 159 25 406 371 302 446 363 300 368 444 82 408 377 485 3 157 78 419 148 277 216 294 148 74 
91 278 385 187 131 144 319 36 417 472 408 465 417 270 10 284 460 92 438 336 76 188 239 401 106 387 177 323 181 71 143 18 95 27 205 227 418 271 263 334 242 170 299 405 186 309 435 145 402 373 227 224 307 213 125 413 99 48 482 26 367 124 44 462 151 497 188 69 267 452 149 255 368 194 406 301 250 340 192 398 459 166 121 265 379 493 425 478 288 406 251 154 30 295 115 428 291 50 497 304 
248 393 305 115 86 210 162 336 297 355 233 255 267 101 267 145 340 191 369 127 96 119 281 126 415 143 301 452 193 297 256 441 436 60 302 269 271 465 351 314 65 84 68 332 432 81 477 271 272 91 145 115 211 426 488 372 315 288 323 7 332 325 194 267 386 497 282 403 207 133 216 18 464 30 350 395 359 72 412 130 163 56 492 120 229 480 492 43 13 315 298 345 386 492 359 271 234 140 420 441 
273 382 205 236 159 54 377 17 373 35 147 283 338 386 403 313 365 141 103 124 202 401 470 87 138 74 359 373 214 24 59 234 407 265 216 65 65 340 82 439 375 476 221 212 107 370 25 472 10 128 96 212 275 312 300 413 386 405 31 346 175 91 326 328 356 42 139 421 382 221 105 2 444 326 461 50 443 232 269 453 106 111 412 381 169 458 40 301 108 71 393 283 162 219 111 264 7 250 185 135 
218 290 137 408 363 97 204 51 76 219 250 182 76 161 63 245 365 103 45 473 174 439 2 83 404 360 347 411 356 278 292 320 68 175 474 177 18 178 228 94 143 224 277 220 132 340 465 497 189 257 216 109 442 465 192 345 324 39 1 426 317 293 246 131 468 466 54 486 143 28 80 33 253 357 253 385 443 464 127 131 220 343 240 408 307 179 499 377 218 500 49 281 38 295 159 252 6 213 485 397 
242 311 430 241 414 182 125 356 392 252 233 359 342 219 266 395 144 265 272 108 10 321 390 296 362 48 47 368 7 31 264 496 88 440 236 1 368 107 103 260 360 82 118 448 302 130 342 446 141 113 54 152 180 190 448 288 485 241 403 492 273 413 234 107 353 470 109 220 77 212 226 183 295 90 130 343 221 472 34 362 332 335 260 258 271 454 46 255 195 195 494 214 107 227 321 460 196 176 427 19 
389 399 202 430 490 78 18 457 297 52 64 375 134 325 132 405 278 425 160 219 119 400 433 227 126 0 433 68 176 105 88 311 4 36 487 494 362 4 450 158 304 13 32 438 84 411 342 109 336 248 328 201 147 7 428 19 7 107 335 183 212 423 241 216 205 227 456 66 232 151 471 35 165 249 219 496 160 307 104 242 302 179 443 195 186 117 215 193 224 296 122 182 218 363 145 169 90 100 483 68 
252 199 350 163 449 315 158 355 121 9 96 169 188 285 365 374 402 326 313 372 121 181 301 85 44 446 0 381 292 483 195 290 429 44 453 377 105 358 478 226 113 320 396 301 104 6 421 253 332 480 371 199 160 171 284 451 116 284 77 155 13 272 445 442 62 144 64 167 248 41 140 361 361 282 408 211 34 328 464 366 307 335 311 213 5 94 164 369 124 241 23 137 260 214 325 68 358 135 236 105 
423 122 212 29 150 119 241 184 193 451 49 246 285 360 206 37 200 370 152 324 357 422 208 116 382 279 185 240 415 167 91 83 35 50 113 185 169 354 369 109 304 164 101 336 270 307 119 470 423 17 39 280 185 494 142 66 19 73 306 180 487 144 263 21 194 376 206 109 476 321 465 26 485 66 108 254 119 227 470 42 491 256 322 175 249 210 241 268 284 294 448 270 438 458 38 378 333 244 487 309 
312 198 81 296 10 189 297 129 416 266 171 152 21 239 327 271 450 67 285 480 361 480 496 44 437 33 422 15 24 155 70 336 99 151 131 109 340 428 238 1 441 156 153 462 395 480 479 90 294 10 69 401 490 65 446 172 98 113 187 122 14 258 458 113 155 336 222 496 9 207 243 450 363 397 412 3 122 136 94 416 146 163 317 382 228 8 53 73 368 488 442 383 492 146 242 146 482 211 388 237 
418 131 187 26 27 345 29 396 481 123 312 374 33 375 255 7 383 55 327 250 289 269 379 280 415 121 172 142 332 307 379 496 438 312 268 211 156 297 106 384 167 418 257 447 38 258 454 421 59 281 418 94 296 296 120 210 163 293 98 241 346 477 236 283 289 3 494 191 47 346 74 461 264 77 407 48 82 360 216 388 387 133 229 182 175 349 138 339 388 483 79 233 460 62 15 495 312 255 432 359 
101 253 319 111 76 472 159 405 78 375 293 465 254 21 394 430 116 278 14 4 261 340 237 467 402 500 207 461 254 138 65 101 391 131 212 468 102 118 372 180 239 411 145 494 178 285 423 295 309 183 299 69 22 282 35 171 281 242 131 282 127 443 383 17 73 342 231 176 460 350 356 198 260 247 191 439 278 360 233 87 289 278 156 312 59 439 229 341 427 106 122 53 48 4 318 122 92 48 44 51 
144 400 497 405 394 187 89 171 294 68 258 82 346 161 140 405 99 369 245 272 221 113 72 270 365 390 138 457 184 182 255 329 328 251 480 221 184 68 139 478 136 397 307 482 304 193 132 149 309 378 422 29 237 494 45 348 129 183 305 313 111 59 388 440 56 367 407 240 435 45 465 317 189 271 44 493 464 177 389 272 301 310 48 37 49 93 386 425 277 437 237 388 242 372 73 298 238 481 284 420 
272 248 483 461 265 27 200 476 204 335 247 4 144 41 41 440 135 173 364 412 356 347 45 97 218 366 141 203 92 426 369 364 173 351 71 185 378 17 160 328 352 153 332 242 195 120 181 330 293 291 488 396 384 279 493 349 144 381 298 236 306 166 347 225 263 418 156 388 435 316 215 286 470 47 274 164 167 201 240 206 492 227 101 121 5 341 470 397 221 267 379 273 433 225 244 443 142 401 330 323 
216 44 355 432 91 128 95 4 329 81 211 66 308 58 188 60 145 157 203 112 425 81 131 103 307 376 292 195 22 121 18 485 166 373 417 257 1 258 8 330 340 466 143 394 23 331 200 416 488 403 27 158 485 159 8 37 281 300 232 303 422 497 287 334 370 203 337 117 208 345 193 47 310 336 441 80 166 141 496 401 290 269 305 20 174 313 57 455 360 36 257 27 32 291 361 148 240 197 11 448 
289 205 495 98 287 182 425 454 69 166 100 359 436 405 380 109 465 183 311 324 466 67 97 245 104 458 393 345 401 405 292 189 356 33 34 142 462 459 342 30 372 188 135 307 93 261 162 57 191 473 127 156 287 471 401 391 174 40 235 321 191 274 10 293 307 291 435 14 496 23 291 367 211 426 420 50 434 82 354 371 54 227 26 341 197 174 232 371 214 213 192 151 487 449 444 39 486 124 53 481 
147 344 94 105 16 13 402 196 95 256 66 397 483 92 237 427 12 215 297 226 429 235 377 161 430 66 201 415 191 0 142 84 91 483 189 107 496 91 49 338 93 115 234 75 454 217 248 467 179 45 439 354 26 62 14 203 128 462 117 319 463 5 150 53 488 339 407 230 176 456 314 15 317 294 338 270 257 85 483 436 377 422 289 404 484 304 106 358 11 470 424 474 222 73 273 456 158 426 432 81 
381 245 96 197 38 434 214 296 19 196 231 396 364 267 45 93 317 398 452 328 114 121 48 336 194 321 37 98 494 470 179 374 214 276 318 253 456 278 295 475 474 272 117 338 38 162 431 355 60 128 430 174 249 478 256 189 44 293 288 37 262 467 158 477 489 222 476 445 500 16 165 219 288 282 303 327 445 481 428 251 108 103 425 104 327 427 293 118 219 80 402 482 294 59 204 28 27 426 473 273 
442 385 239 229 166 41 302 110 268 477 361 377 79 31 227 407 458 19 24 424 347 426 405 387 232 355 415 5 280 134 25 468 18 264 196 184 51 245 41 320 221 148 443 300 180 169 453 384 435 223 307 281 396 458 414 127 312 329 379 338 209 404 305 227 167 248 157 466 493 198 285 213 347 474 259 273 142 459 156 76 181 464 104 76 167 17 450 226 92 329 63 301 479 115 27 393 109 432 358 101 
376 389 60 222 362 65 241 3 23 144 326 205 354 176 27 20 194 478 246 286 306 56 87 30 171 361 423 280 38 280 127 415 168 434 383 29 499 124 279 269 268 105 220 121 281 247 141 221 224 134 7 276 190 341 307 361 448 229 387 487 256 260 401 424 440 283 200 438 153 479 453 421 330 172 288 358 420 176 78 143 310 332 166 500 419 473 106 113 448 493 99 203 499 246 374 438 275 73 121 429 
298 74 95 128 493 130 486 412 306 310 302 115 389 468 361 307 186 467 420 133 205 265 83 203 257 457 387 279 276 7 454 73 328 48 201 321 178 433 479 230 490 280 345 378 494 205 431 179 418 97 59 122 108 142 71 366 345 458 144 120 212 344 440 286 392 388 106 317 320 85 46 55 111 138 433 105 89 110 30 7 207 89 376 315 478 448 427 68 151 317 435 109 160 375 396 299 262 248 115 328 
79 408 130 191 45 62 42 135 419 319 389 125 155 264 187 379 458 360 448 356 177 128 465 83 2 106 382 10 355 243 85 434 398 215 371 443 23 159 324 189 479 459 314 380 223 247 258 427 107 205 282 30 80 247 360 329 353 489 340 454 231 171 134 375 132 4 64 402 411 134 90 135 93 151 14 62 144 272 489 498 224 271 27 304 264 134 132 363 122 218 317 99 135 451 475 13 201 38 416 358 
172 252 493 265 149 253 327 294 272 62 291 242 333 65 292 96 199 170 459 321 389 21 420 270 472 140 284 420 178 446 277 351 444 270 362 93 269 436 133 40 498 424 282 76 235 73 172 434 244 377 0 379 145 167 395 116 307 178 282 486 370 59 82 314 75 190 153 344 125 286 131 369 456 413 445 191 233 363 371 477 487 372 101 131 38 496 494 91 421 276 76 290 335 405 350 156 95 249 246 467 
34 377 336 237 36 280 174 269 390 44 492 376 162 339 6 447 334 500 38 254 275 361 291 356 266 387 258 107 136 4 320 417 127 155 400 163 182 73 432 71 365 169 447 26 7 199 220 342 198 258 342 220 365 379 322 377 12 327 484 148 331 50 311 458 452 211 368 133 30 45 451 395 215 143 422 469 342 141 56 287 145 399 253 9 23 74 133 35 401 363 430 478 413 241 182 365 198 49 244 228 
341 195 123 55 84 291 24 173 178 80 460 323 225 212 78 496 32 458 30 180 321 461 404 233 448 332 344 392 127 88 119 469 29 489 23 113 279 294 32 457 121 492 25 92 450 351 87 229 308 118 155 128 325 58 108 18 137 452 410 264 39 275 232 315 264 2 175 42 296 207 246 417 199 271 9 395 121 343 370 430 207 24 304 31 330 412 296 467 364 452 230 149 227 463 211 491 465 386 279 6 
92 24 170 291 296 426 433 163 268 302 339 476 327 143 253 403 301 49 369 411 247 345 307 474 307 17 210 17 403 490 271 495 260 441 32 302 366 211 466 380 12 50 355 85 193 355 488 241 150 102 151 397 448 458 371 0 221 327 18 123 316 35 365 76 476 397 124 87 107 89 467 366 387 68 452 326 423 185 66 72 288 465 469 235 422 85 235 143 413 500 12 475 34 377 297 9 19 422 343 126 
257 310 239 143 378 190 470 300 121 35 118 409 500 86 390 168 419 125 57 331 371 69 305 406 193 102 161 212 270 4 339 26 60 324 170 184 260 386 230 381 167 348 290 414 180 426 81 98 297 385 429 168 200 481 320 393 82 481 105 352 231 190 124 37 13 294 221 273 179 451 400 93 44 436 6 225 362 334 323 158 218 252 326 418 232 392 57 60 373 162 158 350 98 282 134 358 323 355 377 248 
52 276 341 96 212 347 321 73 180 391 478 144 142 50 62 120 442 366 427 60 274 84 157 372 112 291 476 435 392 352 430 190 127 270 287 85 364 354 405 43 244 383 188 132 179 497 499 120 362 425 428 382 255 84 253 368 375 228 48 12 326 478 203 199 495 236 285 358 89 436 401 80 64 335 212 243 77 211 110 185 382 37 66 137 121 65 251 242 293 299 254 365 23 457 64 17 439 95 375 28 
30 21 355 95 103 66 338 180 23 448 112 406 485 178 289 352 244 39 93 283 84 94 148 107 297 459 371 236 53 245 10 83 13 365 178 116 431 263 42 201 457 154 353 442 333 141 39 323 180 133 105 10 474 500 118 270 204 489 5 257 481 15 87 494 126 265 356 57 274 398 4 231 299 357 419 378 244 458 200 424 337 51 180 310 298 298 80 1 33 332 259 13 94 346 253 220 357 108 23 131 
252 274 108 50 130 26 428 374 484 374 43 321 172 224 377 470 268 457 217 47 35 476 60 376 67 59 342 171 414 112 48 166 386 156 463 263 429 137 383 412 10 427 479 429 397 356 398 411 58 115 459 340 337 265 215 151 325 57 322 238 416 116 150 301 18 113 63 447 497 447 358 6 119 83 436 262 439 79 419 243 441 123 83 278 389 44 429 460 348 497 444 263 112 94 64 130 454 374 323 450 
66 427 202 432 9 384 440 194 464 105 438 404 228 267 428 116 311 102 322 159 98 266 422 457 106 232 333 59 353 155 255 165 329 457 97 338 341 283 279 50 388 463 200 116 229 128 479 286 230 301 445 75 313 113 278 419 91 358 224 444 259 479 109 87 435 453 172 21 235 451 318 123 413 18 486 388 393 464 173 122 10 365 444 323 478 222 488 68 326 211 12 84 189 368 172 371 320 344 138 301 
294 457 170 453 475 155 340 113 366 259 235 376 123 426 446 100 394 433 416 219 144 174 303 79 41 475 196 107 64 335 408 104 291 78 56 11 233 142 124 345 148 105 221 271 277 413 118 170 345 280 389 235 454 192 61 241 413 257 348 224 91 255 328 128 79 131 386 59 19 256 404 167 108 371 185 385 283 49 55 375 329 444 356 282 382 417 22 41 421 116 265 11 117 92 387 197 470 272 256 490 
275 406 403 383 23 87 267 306 136 322 427 465 12 29 493 140 446 261 181 112 377 192 371 495 285 257 438 254 275 193 490 49 345 393 432 368 480 446 421 363 13 347 73 25 376 313 413 68 73 93 180 451 286 297 191 317 53 128 317 75 67 307 124 158 446 303 26 425 495 447 33 7 39 107 33 162 166 446 477 239 285 403 436 317 200 373 380 500 0 197 74 314 250 446 473 195 248 499 366 242 
191 146 249 477 253 28 385 165 220 361 404 252 10 86 68 210 459 449 456 460 392 30 19 388 476 492 82 470 490 194 211 427 340 206 150 339 482 34 3 448 396 154 199 152 240 14 108 198 463 63 404 100 93 424 488 315 161 316 284 398 9 241 324 96 448 474 435 175 8 439 122 150 339 68 48 78 82 156 22 291 219 173 391 59 343 124 374 3 440 158 401 195 399 472 291 92 191 473 267 446 
157 136 95 496 204 390 73 286 45 342 323 11 14 213 317 357 83 190 107 22 94 7 464 494 225 1 332 417 474 346 362 130 482 204 125 432 93 445 464 386 286 286 397 47 245 213 150 328 149 257 96 244 11 59 484 483 60 315 399 33 407 7 410 134 211 34 65 304 225 275 436 258 60 332 305 305 291 201 132 441 205 475 431 463 34 414 445 341 475 90 121 128 97 30 262 308 65 74 358 36 
349 294 294 410 372 345 461 410 46 340 350 251 314 26 460 348 186 404 436 407 494 56 34 90 86 43 398 398 117 2 435 212 296 228 368 414 73 329 323 366 168 419 363 482 445 322 76 377 225 11 284 466 67 64 55 400 107 200 298 471 449 479 183 491 453 50 404 272 125 227 137 293 392 500 21 83 321 344 460 293 101 243 4 168 54 59 314 161 5 358 379 200 336 61 190 289 358 94 60 484 
67 445 22 205 444 290 288 11 133 248 50 234 237 54 148 291 360 209 453 112 66 77 312 403 138 2 438 242 343 244 472 156 188 241 361 379 30 149 136 411 397 186 144 380 240 39 171 346 248 370 458 60 447 270 463 331 18 146 72 361 391 291 16 325 31 377 203 61 272 339 472 415 271 363 295 257 148 466 103 142 81 307 202 27 76 165 104 341 57 423 201 194 213 217 19 244 341 469 52 112 
54 270 27 71 379 68 329 26 280 178 168 361 485 371 134 308 282 238 148 85 407 96 280 120 313 45 110 400 13 409 259 314 179 286 386 304 100 214 331 380 392 245 240 122 362 120 176 390 104 325 476 10 421 255 130 480 300 488 126 59 396 385 374 321 417 259 125 16 219 202 396 357 447 382 479 55 1 155 445 105 226 420 115 393 174 493 118 220 480 244 280 121 128 400 443 44 158 314 60 123 
15 202 480 208 83 204 263 84 105 208 189 331 374 305 470 295 43 88 14 22 78 40 143 207 440 332 498 344 145 305 467 160 6 192 115 337 397 378 421 1 332 357 333 206 408 48 0 451 136 261 219 215 302 108 168 488 441 412 332 332 216 44 239 470 237 354 306 133 231 226 134 310 82 213 15 236 262 262 186 144 22 405 105 324 13 273 312 454 432 390 31 147 180 270 363 417 123 168 296 101 
141 431 411 470 390 426 206 398 434 138 42 456 43 394 26 56 167 84 256 345 474 287 238 400 57 101 317 427 15 112 27 156 289 438 373 426 109 325 323 42 463 111 245 5 5 271 308 419 355 310 263 74 344 0 474 147 348 290 73 364 149 101 266 184 285 138 356 141 463 426 430 172 36 174 177 288 191 232 206 45 41 215 119 385 216 340 31 63 376 105 173 271 453 440 456 484 77 57 371 287 
