50 50
320 301 267 106 240 229 403 43 107 80 118 343 405 98 230 362 9 354 97 213 270 481 312 248 168 106 300 304 494 438 121 313 486 388 419 225 116 68 268 224 148 132 66 299 477 42 161 486 143 4 
198 413 485 257 408 399 363 207 202 356 392 323 168 377 458 333 101 73 401 115 43 295 494 357 94 470 145 1 455 288 5 399 448 236 155 355 135 264 308 83 366 199 407 33 75 110 113 423 183 260 
37 474 302 277 330 396 246 475 397 447 263 148 346 210 384 247 311 18 258 118 102 123 64 255 404 386 365 263 309 294 22 92 267 324 370 343 466 362 318 362 309 80 256 154 36 140 147 93 158 151 
211 6 275 21 7 178 408 118 187 463 413 209 54 426 280 170 269 245 32 86 354 341 413 109 241 195 496 134 288 401 286 245 407 60 267 161 485 421 279 418 383 438 126 183 364 152 354 379 144 132 
211 244 219 370 99 460 64 95 340 98 496 125 343 148 432 356 309 162 276 88 79 405 272 453 88 135 351 188 13 495 66 471 485 285 340 84 491 404 426 330 1 167 202 91 315 380 193 371 42 216 
205 368 120 477 66 455 112 418 389 372 158 455 343 390 239 182 474 229 333 145 306 80 312 7 418 126 387 111 497 175 327 201 290 193 178 102 148 36 266 36 154 171 238 243 60 477 172 33 453 251 
425 4 331 236 11 249 362 144 360 105 66 433 52 102 125 477 204 273 259 471 56 414 141 294 403 448 16 74 227 215 325 151 219 403 387 477 398 495 368 257 99 434 436 399 282 60 375 486 80 134 
202 383 294 89 423 443 36 439 17 263 401 88 414 366 237 300 343 134 295 457 137 140 136 72 38 418 380 414 403 460 294 352 342 334 441 264 276 478 449 39 487 95 375 401 462 111 447 50 493 488 
6 129 128 142 449 413 59 328 72 208 33 366 59 375 199 247 385 222 224 79 261 457 175 135 357 136 494 50 433 486 37 439 361 412 327 309 325 386 383 397 340 416 9 400 36 455 146 421 176 116 
247 438 72 422 319 176 304 312 226 236 297 9 174 158 422 247 213 493 379 96 135 218 11 144 364 48 99 256 215 275 118 462 459 438 383 278 113 186 89 85 168 133 341 88 37 8 335 250 0 213 
346 136 432 358 26 41 152 125 298 367 147 162 329 352 99 458 129 212 391 466 43 58 345 385 147 382 393 482 131 140 442 224 22 119 81 48 160 233 421 204 346 314 367 421 165 466 379 41 425 269 
253 214 73 97 98 220 479 238 449 356 124 390 79 146 8 407 441 415 386 107 119 232 421 486 152 333 197 277 120 121 292 373 336 366 470 180 332 194 164 280 296 288 416 376 180 424 28 368 339 415 
221 204 146 389 189 44 221 132 68 87 0 360 460 336 225 175 262 304 115 427 83 411 461 500 32 388 169 61 1 254 476 222 458 368 110 146 158 77 25 226 164 25 86 370 107 57 291 369 361 406 
41 191 63 249 437 342 383 105 403 384 360 124 352 317 238 209 210 397 286 235 369 197 260 201 313 367 259 104 482 366 256 23 303 65 18 239 408 401 345 56 30 204 181 382 267 165 90 477 61 123 
458 177 66 464 378 125 330 383 476 58 249 479 328 51 43 346 291 197 246 382 254 276 332 181 404 98 346 241 75 154 364 32 331 176 497 455 301 72 338 277 377 333 255 204 384 44 49 421 242 41 
48 242 317 380 169 468 479 261 208 300 415 318 78 492 494 321 447 40 394 30 63 270 363 64 221 493 109 270 414 97 312 208 85 375 88 254 342 66 14 296 112 176 113 190 414 353 11 106 140 151 
136 203 167 499 14 388 492 370 158 151 467 216 359 298 337 193 51 179 5 312 221 117 488 81 308 402 434 319 254 320 470 391 270 136 135 284 271 126 153 429 23 366 391 129 163 227 322 461 152 328 
272 374 445 6 455 499 408 134 63 408 455 279 298 224 162 180 254 433 306 407 361 76 18 251 205 428 478 273 388 130 100 406 250 292 412 204 290 65 84 354 474 38 132 17 8 294 197 262 226 250 
415 333 326 433 330 277 106 54 49 240 184 150 146 180 188 304 130 478 370 214 77 89 253 210 106 7 250 304 270 223 300 184 55 372 364 386 148 470 186 444 210 116 93 102 296 27 406 426 5 21 
139 82 110 138 38 217 146 35 267 416 258 313 346 313 184 209 445 332 179 130 275 135 493 115 237 288 142 389 213 394 411 99 223 20 237 7 484 129 42 497 291 300 309 137 360 493 346 50 70 271 
428 92 152 420 454 389 455 342 278 167 483 188 12 205 455 497 459 185 125 1 181 417 47 237 300 153 476 392 204 293 163 378 385 315 43 84 451 498 172 475 165 154 409 424 105 363 420 64 47 45 
312 476 208 359 212 7 12 187 399 463 480 308 86 110 370 129 441 66 127 113 40 38 267 449 462 119 57 382 430 352 427 241 327 134 346 285 388 104 218 286 66 445 341 399 54 210 28 242 276 155 
355 62 193 368 10 154 233 314 282 162 165 208 403 238 88 249 269 476 353 488 8 166 178 349 64 232 305 339 220 80 494 74 389 433 189 399 334 422 459 115 84 371 70 233 108 158 482 124 134 81 
111 389 494 289 237 304 267 41 143 488 368 383 308 256 316 243 401 149 165 105 10 249 476 80 482 84 239 210 208 119 37 65 7 277 100 491 80 113 278 223 347 145 353 402 147 168 144 294 63 309 
399 320 304 375 401 32 205 386 489 159 4 272 471 258 48 70 495 128 430 272 98 277 163 451 425 310 365 68 350 174 124 248 494 174 369 394 206 73 279 441 232 29 212 202 33 260 18 27 135 449 
45 233 472 208 430 396 17 294 210 367 468 334 362 461 8 230 101 461 304 126 402 282 156 360 231 436 367 496 210 1 190 255 234 161 464 410 303 227 450 13 94 417 93 202 123 348 432 471 309 482 
97 457 10 500 62 488 435 429 483 391 430 173 146 410 334 109 319 384 336 268 143 176 431 483 124 301 331 303 271 386 284 114 342 40 113 404 27 295 79 10 185 8 183 331 165 263 186 230 393 269 
499 282 445 175 265 316 222 95 118 494 481 148 354 68 189 468 218 463 8 297 473 193 52 402 271 217 412 203 447 304 472 191 333 163 367 97 479 88 192 96 328 419 244 182 487 179 396 204 142 404 
248 114 343 300 263 360 16 421 63 463 224 281 401 56 444 13 400 422 101 91 264 176 256 8 104 242 187 500 193 329 149 441 190 238 240 199 98 2 119 408 211 89 188 111 393 132 124 292 300 473 
130 64 148 386 319 499 375 5 244 314 81 393 254 17 377 494 463 475 242 328 128 453 417 317 64 55 195 188 348 495 160 224 305 54 356 123 299 477 376 42 290 203 435 43 467 312 283 429 32 24 
256 161 478 419 224 41 475 419 476 68 413 383 38 218 183 394 87 483 371 463 24 160 165 206 451 131 17 233 306 296 4 308 457 482 227 180 269 448 345 491 262 258 119 300 222 303 193 309 285 310 
18 55 217 183 261 167 61 24 146 113 321 397 422 23 124 395 451 139 88 295 130 350 299 249 149 267 298 88 76 329 145 94 385 362 23 392 275 331 417 167 445 484 64 112 253 435 253 203 74 341 
245 204 437 43 199 85 311 244 420 133 72 64 474 457 426 243 349 447 74 11 114 265 495 425 123 247 359 376 197 433 463 442 383 399 231 329 230 288 72 149 167 144 214 140 348 386 384 443 333 204 
454 193 215 194 117 338 187 222 460 384 155 168 71 284 66 49 112 42 337 184 438 4 329 151 391 423 284 20 365 363 224 64 55 185 258 419 22 191 140 228 322 41 396 393 326 208 442 184 250 25 
369 435 29 444 332 420 366 115 441 477 224 411 40 279 96 44 444 365 235 331 93 56 118 235 196 190 190 137 375 186 162 243 120 438 433 453 104 44 67 44 20 38 201 307 63 297 97 7 409 332 
84 248 135 202 483 331 393 419 214 267 105 123 256 225 307 435 177 411 479 492 201 245 29 403 298 92 446 395 346 354 473 430 101 107 379 331 184 271 249 145 284 100 14 286 326 321 220 249 479 198 
240 179 189 15 81 487 355 27 381 200 127 99 377 476 454 255 52 137 272 47 28 55 148 289 341 474 110 60 469 88 4 209 13 193 471 95 179 325 369 306 25 496 405 148 217 358 403 269 242 174 
63 16 476 211 306 62 431 162 122 399 497 373 354 9 65 325 104 491 396 219 42 421 462 193 315 178 298 217 194 39 137 257 302 112 468 107 174 144 269 42 42 11 415 143 21 226 468 372 463 363 
91 4 30 52 198 91 477 496 309 170 281 446 427 82 305 140 437 479 284 452 268 73 464 182 216 485 155 430 356 117 38 193 122 315 245 66 407 469 308 215 138 335 407 312 417 211 452 353 437 483 
51 451 55 14 132 17 245 33 447 100 151 485 40 19 46 31 332 453 500 139 414 138 474 320 196 136 278 394 236 461 376 287 411 177 301 289 194 45 323 387 392 474 118 432 239 164 210 70 116 209 
209 29 93 429 95 289 64 119 183 300 79 305 333 236 483 380 25 423 171 348 310 63 67 174 241 306 338 451 376 454 407 331 229 500 259 70 35 69 190 218 370 15 269 449 252 498 329 23 421 500 
117 477 309 431 150 297 236 488 247 358 187 400 435 162 400 193 232 435 8 168 399 124 431 167 73 182 165 402 205 332 401 68 308 457 499 204 253 481 191 246 338 124 146 18 32 292 458 10 473 466 
179 371 90 109 284 163 37 195 64 489 26 211 56 80 167 54 284 166 281 221 413 118 91 58 383 123 96 340 134 68 305 59 185 395 415 469 57 452 411 368 186 183 326 242 10 239 42 40 406 323 
262 318 187 99 122 69 470 465 155 350 32 460 409 217 101 323 432 158 20 342 273 206 25 98 194 35 83 483 75 489 51 83 52 485 430 421 300 399 385 455 248 417 160 403 380 261 225 312 166 492 
153 439 444 425 283 384 206 366 112 28 101 410 358 153 394 287 321 440 432 205 140 179 369 300 81 248 308 52 59 474 290 460 158 480 384 187 363 337 299 221 365 400 130 222 300 270 256 120 456 187 
71 95 367 440 142 194 188 196 494 494 169 283 453 73 263 83 260 372 420 58 93 30 205 470 252 4 240 7 371 195 442 442 291 308 382 179 248 316 375 241 309 290 271 8 363 280 338 369 398 257 
173 491 33 378 461 285 128 447 39 499 141 481 187 178 34 315 357 28 377 478 270 432 267 287 440 376 66 277 244 464 280 418 201 313 295 408 345 170 354 130 168 495 357 101 173 391 416 276 419 38 
254 435 471 267 468 410 143 280 434 387 491 460 50 191 19 346 345 110 15 198 240 430 439 343 278 111 233 440 134 398 479 134 79 449 147 46 104 290 327 284 424 63 491 474 254 9 65 98 366 327 
42 105 3 481 448 281 339 427 220 473 70 198 353 149 393 500 443 498 36 15 27 206 78 17 179 78 26 492 423 392 318 465 243 321 191 437 348 29 109 68 248 180 12 100 75 406 347 264 149 129 
279 176 335 103 194 260 181 467 251 350 105 69 314 94 136 5 278 485 281 387 299 29 66 311 376 389 463 469 152 111 97 178 34 432 281 228 192 209 441 189 58 292 4 373 387 141 124 164 372 151 