100 100
379 491 77 239 309 292 85 40 148 354 80 406 496 91 34 96 120 263 392 266 456 273 61 436 394 228 483 106 323 335 86 201 71 410 186 380 448 272 166 342 125 493 495 367 330 28 464 450 291 101 216 493 374 23 175 268 498 404 120 320 485 206 268 55 362 454 181 310 225 347 398 96 85 392 464 415 420 173 365 457 274 327 196 395 350 117 162 93 20 282 413 251 234 180 52 95 381 233 151 352 
326 49 195 411 187 405 71 354 77 436 310 97 262 252 492 358 369 400 451 135 428 110 132 408 36 184 3 417 163 401 15 489 196 210 145 130 114 217 484 438 399 39 34 408 292 26 265 407 172 463 289 100 319 421 7 355 352 257 18 14 405 33 3 100 490 395 230 103 358 460 40 257 500 321 164 291 93 175 444 266 384 232 366 202 400 119 57 251 377 322 265 281 101 14 127 90 156 104 440 13 
63 226 270 62 46 180 99 140 356 43 406 239 21 17 188 167 136 245 418 12 313 430 39 414 190 414 3 346 17 189 360 80 415 376 390 461 56 489 347 158 278 499 397 46 15 84 460 399 75 124 157 134 53 197 47 243 110 297 336 374 486 195 200 400 70 89 107 126 325 200 284 349 199 428 141 214 258 101 359 80 225 16 214 24 213 8 13 69 51 349 189 37 290 389 183 361 225 36 233 49 
237 264 144 436 438 286 396 195 133 255 21 358 271 483 128 230 237 141 45 288 237 234 71 26 369 1 133 93 37 367 389 274 377 33 456 314 319 98 255 452 353 23 55 370 5 183 99 489 70 391 276 307 371 94 334 239 95 467 333 132 79 221 153 456 254 355 15 319 453 271 16 305 294 71 421 45 0 266 33 71 156 309 378 26 149 458 266 244 171 345 123 497 312 276 453 313 377 468 131 330 
485 148 381 278 466 302 69 467 67 102 284 471 158 408 243 307 112 255 51 283 99 174 279 158 196 478 471 72 192 101 148 176 496 29 201 208 77 270 421 391 373 204 361 30 358 104 83 470 359 381 499 205 301 24 363 497 1 333 316 440 180 464 116 423 239 317 130 316 333 50 454 205 0 314 482 358 164 312 74 270 192 72 221 494 343 83 236 345 162 51 284 88 262 146 10 0 209 387 63 42 
437 16 494 183 76 476 288 488 287 108 257 225 180 224 218 270 53 455 114 215 5 144 49 13 37 60 14 246 447 324 34 130 86 28 59 162 3 347 396 36 455 399 261 382 122 226 151 175 180 11 136 432 402 186 446 185 493 206 178 185 29 212 61 115 240 121 23 490 214 420 272 416 318 33 297 441 259 194 362 185 452 499 116 99 431 308 285 169 13 463 354 289 421 416 404 161 36 174 150 497 
93 423 412 157 202 455 344 207 148 206 138 346 451 254 192 381 309 477 49 322 185 149 111 105 64 261 12 347 435 163 344 274 332 255 432 280 210 21 233 104 227 371 451 177 371 142 304 179 365 99 248 296 249 105 401 313 366 414 407 47 323 250 321 401 4 499 427 461 20 159 65 494 276 262 171 146 150 221 72 261 321 66 56 69 171 203 128 36 363 34 330 432 284 151 332 35 396 258 496 162 
163 307 156 439 315 73 332 211 294 150 218 361 216 20 430 387 224 305 169 333 339 500 265 370 397 96 405 292 101 146 455 10 200 357 450 261 430 27 473 470 177 190 77 393 458 6 25 181 57 194 13 397 193 278 266 89 121 417 382 469 309 82 479 8 185 174 270 361 201 489 330 378 425 407 16 382 160 41 309 464 236 323 360 429 347 372 265 214 34 393 182 344 475 161 352 406 335 368 266 283 
356 342 407 27 249 424 409 155 465 465 118 447 287 225 122 380 343 387 94 378 25 22 221 246 430 319 151 265 187 417 294 289 258 200 316 253 123 472 154 335 436 19 27 469 244 149 348 333 282 188 210 307 211 431 299 140 250 450 151 183 366 191 472 371 392 34 123 261 5 278 95 187 297 370 155 287 265 249 119 294 438 330 347 395 6 146 281 2 95 433 432 462 370 404 78 261 438 201 22 189 
225 364 376 21 233 30 54 245 279 174 38 463 250 385 357 2 30 138 252 126 317 183 334 186 86 412 194 270 112 216 459 338 326 80 105 306 110 160 50 136 80 88 98 76 473 202 325 3 86 76 376 403 260 209 335 92 367 28 109 225 491 314 62 317 395 415 122 251 321 419 133 147 6 232 223 479 180 47 228 266 371 103 415 377 58 496 469 425 271 324 150 261 138 459 324 279 373 192 29 440 
110 163 86 116 141 55 342 321 350 316 333 220 420 247 96 478 242 311 149 259 135 299 20 19 257 90 298 377 29 73 62 139 483 149 2 123 204 90 190 300 406 22 19 71 15 115 49 4 173 198 263 308 243 29 327 500 367 371 122 396 444 185 281 427 80 29 296 30 119 487 331 272 255 350 343 271 212 138 21 385 82 284 439 325 60 11 71 427 382 193 322 71 124 102 244 204 379 40 235 244 
273 65 15 274 161 359 44 373 243 65 3 326 96 442 397 156 453 468 82 80 408 150 152 31 499 142 483 377 182 217 121 201 28 136 476 189 241 266 309 231 78 312 303 174 254 199 76 453 167 158 33 321 54 185 98 52 327 80 430 256 43 297 203 71 179 178 7 167 191 62 398 269 374 200 189 374 145 265 327 58 169 360 379 223 291 478 21 364 304 197 366 348 494 69 165 420 494 419 86 184 
481 230 199 101 176 388 475 321 399 301 380 67 407 4 36 197 228 58 308 32 1 173 380 496 242 291 161 483 210 247 413 437 223 112 37 145 246 12 212 145 59 338 459 213 343 496 410 70 300 464 102 301 137 228 42 125 266 203 107 222 196 267 158 165 379 443 310 371 201 22 15 260 360 221 219 449 216 129 19 262 92 368 309 476 343 352 101 355 301 455 76 498 221 234 409 346 423 219 217 123 
488 479 130 347 199 349 296 415 224 61 423 63 175 232 38 264 330 386 118 130 341 194 374 61 175 283 154 97 248 371 221 235 349 351 328 48 446 123 209 170 431 132 233 353 110 271 116 440 157 235 316 244 429 190 305 350 473 205 448 467 75 415 201 425 11 28 219 457 399 428 126 329 306 105 181 162 377 44 101 280 279 418 23 207 354 74 304 72 280 251 38 101 412 239 272 423 267 491 125 412 
165 252 488 217 357 168 380 480 212 227 5 237 391 28 191 491 350 495 62 376 492 100 477 403 85 249 71 99 486 196 10 397 448 498 114 51 413 240 30 371 213 36 108 104 311 299 341 407 39 404 282 30 250 5 179 336 0 250 181 232 446 191 129 394 436 490 191 348 229 468 465 188 250 72 38 61 117 380 214 403 283 497 433 279 248 111 361 248 361 41 480 53 233 355 193 168 344 384 262 319 
351 226 7 101 45 45 409 409 171 122 312 200 365 491 480 359 102 340 353 209 382 333 262 361 187 455 275 278 84 283 96 436 8 350 283 300 142 438 209 313 306 267 13 171 257 239 276 359 78 129 315 206 462 323 313 395 278 87 419 362 370 15 43 125 365 326 171 253 9 380 66 316 146 326 233 404 311 8 8 135 137 69 342 345 393 154 240 170 489 405 278 104 420 68 476 31 140 147 284 150 
273 96 466 420 168 198 69 479 206 324 114 344 394 202 435 286 356 421 202 90 326 226 442 245 294 417 22 435 63 53 84 337 149 296 2 318 494 318 42 446 141 156 35 34 358 471 66 461 391 268 297 216 495 238 462 34 402 230 469 211 283 299 294 179 341 296 243 334 113 285 26 1 442 61 282 45 31 349 5 423 363 49 138 103 287 346 138 188 76 353 146 105 399 440 284 239 236 26 320 95 
312 346 96 500 407 379 44 439 474 297 107 336 346 245 440 379 338 324 314 160 176 460 265 321 399 296 60 381 322 380 223 380 225 319 379 378 444 170 316 163 467 169 500 58 415 185 183 499 8 497 158 431 202 169 252 348 465 58 228 287 438 451 166 409 16 292 286 206 462 349 370 174 17 115 232 178 46 415 176 301 158 80 231 360 250 229 454 461 287 182 247 471 379 160 379 395 452 412 101 413 
6 217 333 23 78 64 449 124 225 371 425 129 452 402 236 448 131 189 408 418 371 402 389 250 61 13 391 259 425 238 418 431 455 250 201 279 314 149 403 285 19 73 415 217 476 150 164 106 339 72 270 457 220 405 453 281 419 343 39 89 328 457 267 28 453 468 308 12 363 210 297 128 30 458 346 5 107 256 358 193 74 127 396 294 279 348 321 197 437 106 32 264 309 299 293 261 12 100 273 375 
56 70 250 86 27 95 338 382 97 195 321 419 69 216 212 348 63 280 291 246 386 323 10 195 369 49 456 381 396 229 256 198 45 5 31 319 347 369 200 190 311 20 108 126 483 67 220 292 347 257 38 232 79 295 427 194 344 383 75 239 358 77 183 403 329 214 468 175 83 168 111 140 435 220 266 418 287 232 209 133 489 494 365 314 288 38 8 378 167 83 116 24 160 46 173 489 260 140 410 89 
54 20 229 236 487 241 400 273 473 355 152 461 349 264 275 136 302 283 14 469 112 377 239 272 423 412 6 430 51 162 18 353 182 248 88 169 235 488 188 208 342 341 168 437 351 189 73 152 218 334 367 330 457 105 348 126 16 354 55 314 15 73 166 445 67 0 360 303 488 47 10 76 134 425 12 485 361 332 383 78 412 249 409 369 354 256 241 116 357 296 431 118 115 343 62 430 344 168 232 77 
463 489 400 343 159 159 328 19 491 457 98 403 206 253 17 306 8 258 423 111 300 99 230 161 188 38 90 278 207 68 102 169 56 1 11 216 160 85 482 398 42 326 300 495 78 63 300 334 321 469 191 367 314 421 27 2 460 365 280 413 433 382 81 490 130 339 452 36 171 179 434 213 5 233 454 330 296 500 410 363 469 101 229 282 268 3 30 474 368 311 386 300 439 213 35 315 52 233 352 223 
413 285 182 418 18 135 494 60 134 150 170 349 498 145 378 265 148 408 239 262 218 124 309 404 84 344 218 136 77 69 105 236 355 287 400 119 168 393 179 48 289 95 144 286 241 21 51 389 429 36 398 394 407 206 43 491 296 261 373 119 77 478 355 432 10 254 297 425 394 222 220 182 318 364 469 58 385 266 193 59 302 90 199 455 296 242 192 339 3 64 458 80 42 59 258 299 313 54 224 206 
276 190 135 93 53 103 398 184 369 91 490 417 181 189 117 224 431 309 62 180 374 266 6 162 325 264 461 385 64 431 337 341 120 472 180 420 321 78 103 189 169 340 352 96 28 470 320 205 24 128 386 398 141 392 306 212 403 267 96 467 444 434 53 311 151 481 230 473 305 80 408 220 420 260 316 194 476 383 399 246 257 30 391 398 423 196 357 71 209 453 37 153 132 338 210 284 318 440 256 122 
266 410 342 432 416 404 125 137 32 271 384 290 301 274 434 470 470 290 40 179 490 325 78 121 409 288 151 226 474 407 94 240 63 182 171 479 332 43 116 365 314 500 401 114 273 334 331 489 371 371 414 360 442 492 227 350 25 379 322 500 31 162 486 94 344 156 73 423 446 189 287 259 435 187 120 207 267 451 442 137 67 356 243 256 93 471 105 119 349 174 365 380 336 350 221 427 252 294 349 445 
229 382 203 163 315 69 116 81 19 57 466 334 159 455 89 253 425 441 118 19 361 229 146 197 325 367 370 323 407 218 267 135 346 217 298 160 286 160 241 52 217 453 386 123 408 221 122 78 408 240 98 269 215 491 212 39 357 81 362 9 45 376 144 391 92 188 50 378 348 37 176 311 237 308 180 391 275 302 469 183 288 313 198 2 49 410 288 152 237 397 161 28 272 305 419 110 239 215 234 333 
499 411 391 235 218 70 372 494 373 87 423 160 400 120 410 196 276 197 348 259 93 9 287 111 60 452 221 300 413 456 379 411 112 269 393 76 340 10 69 212 97 238 118 244 104 27 440 126 472 287 385 311 296 418 423 103 115 390 403 27 345 281 185 203 297 77 280 136 334 349 94 432 334 212 175 438 487 114 64 204 401 195 14 444 360 437 46 475 73 195 2 418 222 434 368 18 257 147 154 90 
242 495 21 75 454 196 260 440 56 324 390 204 265 404 147 124 87 440 99 160 134 348 324 102 281 191 121 37 338 21 127 327 263 396 402 216 91 161 402 395 231 291 98 497 194 245 367 27 431 466 187 311 59 258 413 86 195 280 123 280 48 498 106 311 139 254 26 477 162 428 371 393 218 469 135 158 460 2 186 390 214 119 200 274 377 113 360 72 393 230 352 187 474 204 498 112 458 23 88 119 
451 460 12 415 428 394 73 134 396 259 23 357 124 224 130 1 83 236 320 222 212 418 410 185 121 407 43 78 177 132 198 127 338 457 289 11 96 362 145 239 367 169 95 237 139 472 485 222 207 304 444 166 221 353 351 88 6 395 167 183 273 111 56 110 314 345 368 410 453 13 148 65 429 490 303 67 461 33 35 415 338 225 80 305 78 177 394 331 318 307 13 90 164 316 447 478 161 61 133 360 
74 28 172 249 17 221 316 225 254 97 139 338 322 219 143 146 142 283 477 461 89 236 50 253 52 244 477 460 305 109 65 125 384 484 374 148 204 436 373 205 32 11 42 100 477 185 247 118 214 470 78 303 453 376 302 251 366 278 210 170 134 21 41 264 5 415 412 209 96 284 160 375 41 203 475 17 134 468 383 349 438 461 398 136 82 200 387 448 224 96 364 358 364 405 122 369 65 33 325 161 
64 485 35 105 434 10 123 68 478 252 417 161 212 314 297 41 260 183 489 485 25 99 88 390 3 210 4 316 491 75 477 301 60 12 406 494 269 275 308 493 26 471 401 486 31 444 26 291 127 261 275 399 106 364 34 357 320 286 172 56 361 148 357 167 407 9 161 422 284 215 415 57 186 315 42 217 258 315 254 131 322 29 277 429 139 57 285 205 343 203 8 204 351 111 371 4 120 278 426 151 
494 86 208 426 401 497 389 406 311 142 283 379 418 59 53 303 117 84 255 460 287 263 410 385 374 281 389 495 305 60 145 44 147 353 470 294 95 104 199 406 247 483 30 411 288 84 214 405 168 469 111 202 231 267 86 351 294 475 345 99 281 236 143 428 335 360 222 430 464 421 81 457 149 112 368 438 443 328 88 357 296 446 58 273 213 144 123 6 365 215 105 146 197 496 73 32 101 41 462 64 
463 290 268 358 148 135 41 90 463 130 447 4 322 252 23 34 396 146 288 7 107 139 153 305 134 473 337 482 14 44 293 223 80 60 327 228 442 369 318 150 245 11 401 66 263 424 348 405 316 135 412 424 274 311 475 155 284 57 136 44 101 175 267 182 235 93 156 423 208 475 72 453 232 473 19 241 396 113 145 212 248 304 382 268 114 356 169 144 413 52 188 260 227 201 188 209 41 345 131 249 
65 204 202 297 423 468 37 319 327 429 277 321 479 405 88 93 260 4 237 419 56 172 178 29 373 113 238 160 458 370 410 22 320 358 65 242 71 349 307 398 23 330 218 2 234 52 95 494 56 78 158 359 497 337 389 370 450 126 276 153 242 185 175 61 289 487 304 360 335 357 3 104 187 468 106 421 20 201 161 323 26 319 182 22 402 317 138 351 443 415 250 185 346 171 493 382 157 42 241 238 
400 492 343 86 459 449 6 225 397 167 48 423 487 477 191 134 293 76 486 482 237 235 413 82 407 406 464 310 448 452 48 347 443 391 433 147 85 186 373 482 99 421 150 332 397 88 467 189 164 198 170 401 179 83 229 332 235 193 142 182 391 437 276 79 327 455 226 158 140 98 140 487 265 36 318 161 124 284 96 34 482 13 435 161 343 411 239 77 350 381 5 240 317 27 319 390 483 291 48 369 
390 435 355 154 217 173 62 342 203 405 122 432 164 57 339 6 214 77 330 63 459 82 303 21 109 368 412 91 158 206 207 294 140 61 195 357 481 3 445 184 408 67 115 319 371 454 71 84 30 148 394 235 230 196 257 85 310 415 424 468 120 130 8 6 191 203 363 172 206 54 102 360 368 217 425 238 417 497 68 193 144 462 175 120 404 178 205 213 92 128 427 212 4 435 465 196 384 73 114 336 
127 463 443 495 179 367 479 342 363 293 281 6 0 456 126 150 380 78 363 472 206 36 430 211 217 394 153 348 468 13 183 341 476 125 336 401 239 60 489 101 100 269 355 100 472 227 251 351 51 360 69 4 396 499 215 360 139 114 207 106 374 136 193 349 8 275 249 247 336 237 94 436 252 195 282 223 169 279 321 220 139 390 224 281 388 185 140 273 299 93 125 172 230 319 267 238 93 262 485 429 
499 325 110 498 20 139 467 189 418 287 409 303 176 380 84 311 64 471 83 110 64 209 28 40 27 296 278 367 57 8 296 303 333 152 300 353 37 12 288 456 300 444 258 222 323 88 32 387 59 363 243 370 318 272 410 91 67 434 458 371 442 500 173 274 399 219 374 436 232 161 391 31 104 396 253 427 484 32 60 289 141 303 158 459 74 314 296 388 247 253 259 435 253 432 209 151 151 329 333 129 
490 224 160 341 119 159 13 349 438 73 138 325 123 42 29 197 357 325 332 350 78 90 285 77 268 240 475 165 68 307 294 304 277 200 144 142 360 158 492 43 478 129 369 100 171 398 44 274 223 376 124 47 212 155 371 480 395 91 145 209 144 439 12 422 139 404 63 245 308 301 34 285 430 403 132 348 47 176 121 16 298 492 310 9 146 180 489 287 271 380 242 415 65 1 82 451 405 393 195 212 
193 229 243 370 379 375 217 426 297 84 442 94 323 251 103 215 177 339 249 194 465 491 108 29 492 438 480 142 330 174 100 269 150 90 138 28 465 101 200 262 433 388 102 255 385 453 216 61 291 465 255 255 202 109 31 440 46 10 82 122 432 429 392 81 18 276 356 230 378 55 238 56 189 340 57 73 292 273 134 329 485 389 331 186 244 362 125 37 372 454 159 49 129 297 130 147 73 232 123 197 
33 361 253 222 448 310 295 486 82 429 315 313 63 392 499 54 253 371 91 371 70 497 421 199 40 297 93 113 29 463 56 62 324 309 31 17 365 326 2 447 1 63 6 311 455 251 365 207 121 202 78 439 199 499 384 486 41 223 345 70 186 401 380 256 209 411 273 320 236 275 12 484 339 18 295 293 270 159 247 137 108 71 75 53 316 206 38 357 429 383 428 361 283 307 116 238 217 389 57 199 
411 69 183 496 335 478 34 104 383 27 241 237 98 63 290 414 269 328 271 444 457 198 305 486 251 421 223 214 56 26 413 213 343 342 455 177 319 489 27 449 263 14 185 361 77 222 275 92 49 45 283 253 490 334 238 487 254 208 200 56 234 359 15 323 201 470 246 266 205 273 461 468 34 146 328 358 368 349 197 163 140 480 162 376 313 401 362 313 108 308 116 88 167 131 412 368 101 404 380 52 
424 341 19 458 233 93 315 347 189 11 256 329 491 419 452 49 319 313 363 427 121 479 14 34 109 172 148 457 76 27 8 500 368 274 203 100 114 17 193 303 29 450 378 266 368 329 316 186 389 425 359 256 403 119 290 258 292 438 215 114 465 470 360 79 491 62 426 104 79 119 153 355 68 30 121 436 106 183 368 495 107 226 250 9 345 286 13 383 223 475 497 434 445 102 259 181 164 185 285 491 
304 184 91 118 461 459 300 66 141 167 307 248 393 303 3 484 88 17 367 311 492 109 492 182 212 250 363 122 435 394 359 485 77 451 349 285 409 148 351 50 315 405 44 454 207 48 438 296 312 304 353 49 413 344 232 371 94 341 494 275 235 352 6 58 48 355 89 204 3 187 0 64 91 44 18 298 339 456 340 150 5 440 200 418 283 178 289 123 18 28 145 500 126 151 305 422 252 394 125 255 
80 125 66 171 416 84 216 255 286 302 151 291 241 97 455 271 275 490 140 40 264 285 39 391 182 90 58 435 485 183 436 64 54 1 483 470 332 445 471 364 493 369 401 234 466 356 251 488 91 391 27 356 423 313 493 351 404 50 31 134 480 214 445 33 215 173 249 294 117 220 157 357 88 305 90 300 160 87 33 498 224 307 99 393 367 338 244 16 134 21 150 113 235 94 393 197 14 142 491 378 
108 394 234 443 198 324 489 104 157 22 349 382 329 194 20 195 32 264 211 413 32 361 273 267 202 165 464 463 53 200 340 408 341 74 350 285 144 339 136 302 361 231 430 436 425 450 131 457 461 88 116 493 196 389 259 398 53 470 106 354 416 446 261 2 19 111 288 164 196 170 466 303 401 395 238 71 90 115 28 50 204 391 42 400 279 48 43 332 264 149 185 426 94 447 429 114 304 463 24 500 
132 490 48 279 130 286 350 220 402 124 17 352 14 59 251 293 354 40 372 117 189 303 43 29 496 472 390 299 180 414 44 312 149 92 337 279 125 186 246 273 57 263 124 71 68 121 111 423 408 483 286 96 285 329 372 281 46 262 326 473 175 371 30 325 209 367 350 80 300 342 353 357 104 223 174 420 90 285 342 498 13 374 340 299 450 212 326 496 220 151 215 141 268 245 212 224 112 62 304 158 
150 404 14 1 373 435 421 464 467 8 207 480 382 294 24 331 252 350 73 472 248 288 112 262 32 325 486 391 133 36 48 283 440 309 284 312 244 451 21 210 459 229 436 87 22 461 418 274 56 491 245 50 24 103 313 304 174 44 194 307 80 243 337 19 298 367 78 288 318 99 244 22 328 180 109 96 387 27 370 189 264 361 240 35 211 299 339 385 89 32 439 170 21 275 436 320 388 13 107 205 
113 352 475 441 278 83 37 164 357 153 99 368 14 85 403 225 130 241 356 220 19 294 390 41 315 325 107 203 339 461 154 452 58 128 138 336 459 422 246 315 75 346 429 336 431 331 307 61 318 409 281 338 203 417 125 264 241 232 213 326 439 368 23 498 242 409 333 200 330 326 262 151 171 437 233 348 268 286 155 332 195 182 169 144 98 40 154 86 18 368 158 458 235 182 455 223 90 33 170 166 
359 178 64 276 114 297 124 382 330 25 461 271 208 129 415 306 417 68 138 435 182 297 392 417 225 92 387 315 126 56 227 231 234 291 7 94 335 378 223 411 403 183 181 110 312 342 163 228 156 47 410 339 344 301 1 315 140 388 376 266 190 103 243 170 140 250 265 221 127 488 131 277 170 58 387 228 400 296 203 56 344 112 395 434 159 396 249 299 30 124 311 220 474 54 391 114 304 155 81 178 
142 213 201 58 271 334 286 418 130 489 474 220 347 114 400 6 256 148 305 286 19 116 6 493 417 143 353 220 298 435 144 186 394 345 244 411 426 276 328 55 11 47 21 358 408 421 364 164 316 416 196 81 278 449 320 194 91 173 160 135 354 51 67 247 142 57 404 67 334 232 369 345 25 390 202 434 57 313 344 373 475 39 454 252 489 19 192 326 192 352 462 292 403 28 38 45 333 189 359 166 
167 228 257 192 117 459 372 174 17 215 293 492 1 493 490 236 12 181 61 451 33 269 243 182 44 27 474 377 216 333 42 383 60 299 322 177 3 193 98 21 155 137 259 403 130 249 138 389 430 199 339 209 215 328 392 259 356 365 135 318 197 177 201 257 222 269 181 472 208 25 239 363 162 499 11 38 494 149 427 169 95 12 379 310 340 16 315 442 381 450 260 325 373 461 328 341 229 255 312 437 
280 51 46 189 49 304 227 289 454 401 458 295 413 336 351 499 352 165 441 480 361 200 50 233 407 124 320 382 380 131 318 406 182 110 94 478 415 68 266 114 469 224 155 127 306 252 125 405 417 312 130 23 11 180 2 418 304 322 299 430 453 364 336 382 220 176 105 134 244 118 495 459 88 149 332 394 401 204 44 63 15 174 333 274 100 335 191 151 403 237 80 356 347 162 484 66 85 335 448 329 
453 442 34 40 338 112 181 485 316 472 48 78 393 381 352 493 463 42 390 365 25 217 467 372 379 196 185 464 31 132 39 484 320 320 271 157 432 452 142 495 169 437 72 61 63 424 54 25 212 190 137 485 407 103 356 32 300 287 242 331 419 27 60 239 347 331 142 25 28 30 266 198 467 338 259 30 7 59 302 219 250 439 450 403 42 306 435 88 339 177 165 258 204 225 243 298 303 385 69 77 
416 335 21 128 419 27 405 426 86 207 391 82 392 341 486 180 393 166 268 231 89 179 235 40 405 478 338 454 109 153 277 271 488 299 399 152 326 304 77 158 257 214 488 148 301 219 329 193 385 343 171 475 22 406 261 173 384 98 373 239 498 149 9 231 448 408 383 19 458 206 425 214 166 412 363 468 130 438 160 261 26 77 482 48 484 242 468 113 86 340 352 83 490 361 60 183 268 443 450 226 
395 374 186 61 31 295 28 408 232 435 415 5 12 397 300 496 385 268 355 472 354 206 301 89 66 362 19 80 50 469 52 446 88 239 6 119 33 281 273 12 462 187 264 474 83 63 215 215 331 69 186 432 275 233 20 87 341 39 168 392 7 467 83 342 205 336 461 486 116 480 244 77 167 7 298 497 70 259 211 148 329 143 326 350 377 346 184 217 132 352 355 139 64 438 228 270 273 435 1 135 
415 492 460 81 499 257 77 315 15 35 209 90 178 34 187 54 127 371 18 259 469 373 144 32 57 372 48 330 307 49 466 221 287 425 48 285 428 125 347 189 407 302 26 85 337 213 386 210 83 404 469 298 23 112 330 327 485 379 156 37 174 368 258 462 38 52 493 212 177 85 402 331 388 428 416 471 387 301 180 216 452 148 13 221 6 343 47 491 468 450 274 142 64 31 350 102 330 88 61 254 
174 209 84 61 383 500 278 269 300 458 485 498 352 498 218 358 86 265 95 54 215 115 443 279 394 38 127 223 126 435 477 300 143 60 107 25 59 131 294 106 335 278 103 186 21 322 291 108 333 132 162 47 247 351 72 387 389 200 110 14 134 86 61 24 147 415 49 453 46 344 58 381 368 409 314 390 230 351 244 62 229 406 357 222 2 429 109 391 375 219 151 256 305 459 26 198 374 75 151 420 
165 456 46 33 364 360 169 340 210 413 149 439 64 252 408 66 427 16 203 48 235 100 304 286 59 76 231 433 151 128 98 317 330 144 96 194 251 265 280 207 424 175 393 488 427 300 300 354 316 249 402 297 349 452 329 154 27 59 333 425 187 431 241 264 322 83 204 319 94 484 25 17 406 418 251 332 217 50 432 279 45 79 75 395 30 405 48 304 210 128 229 144 305 216 408 373 46 111 191 140 
341 217 158 246 381 155 325 345 206 256 123 251 336 446 392 112 96 187 163 306 315 138 196 366 100 103 239 146 461 430 287 302 393 191 294 274 346 118 365 298 121 234 296 203 179 434 315 21 367 224 74 428 362 270 294 463 120 32 355 80 208 388 128 101 325 423 121 418 287 486 215 408 219 257 110 145 438 172 166 304 396 240 232 4 257 25 213 377 304 67 457 11 202 332 112 26 254 233 444 287 
465 406 195 431 409 51 322 346 470 488 150 366 475 382 116 231 153 75 354 457 142 310 468 90 141 80 117 141 59 307 429 271 212 370 201 121 167 22 467 137 256 363 249 477 244 365 454 143 440 307 99 328 364 67 165 4 394 28 393 199 335 67 470 294 183 170 415 350 439 127 487 195 491 482 171 481 92 372 371 278 178 470 353 41 283 17 293 423 45 185 122 380 499 91 420 181 8 334 30 447 
208 264 388 445 492 306 171 84 177 41 362 355 258 461 143 40 478 436 210 269 367 332 396 365 423 315 292 177 396 68 371 103 332 258 294 70 63 465 154 487 253 262 342 257 470 485 43 447 166 253 463 32 84 358 143 254 172 435 177 67 2 47 417 81 306 457 151 115 168 51 102 421 59 190 177 28 421 467 222 86 220 184 365 50 41 7 304 460 188 482 274 190 275 190 17 80 147 415 443 315 
466 291 482 272 481 405 300 147 371 21 480 337 205 344 388 493 97 438 453 285 165 226 221 441 162 239 20 55 153 463 370 366 253 97 137 480 248 437 126 119 205 352 202 156 195 89 149 38 27 101 69 192 73 291 132 235 276 400 291 175 108 407 40 108 251 424 87 499 361 461 364 312 58 66 468 0 155 116 38 182 464 108 121 36 145 253 18 167 399 55 342 7 462 129 115 212 52 449 211 413 
155 74 471 214 140 439 214 42 54 499 471 265 353 91 301 498 91 65 164 490 120 253 243 82 382 104 40 434 53 498 93 455 319 63 415 205 1 128 247 303 127 218 67 480 55 114 224 146 180 134 383 300 387 372 128 268 477 169 202 276 166 41 230 485 104 392 190 353 19 183 155 393 147 469 119 203 82 343 95 262 223 224 309 110 96 437 124 319 105 326 94 18 367 70 249 218 462 439 70 228 
369 225 120 15 440 486 218 21 74 314 30 298 284 339 408 380 275 31 198 127 104 38 145 217 109 394 435 317 79 251 44 448 222 412 463 161 397 428 183 472 488 460 15 271 298 169 151 319 447 95 446 50 134 337 14 490 231 195 306 56 447 351 3 168 8 212 76 405 386 5 122 373 465 137 144 8 306 41 327 253 383 19 49 16 102 310 5 333 5 58 135 452 155 138 366 163 97 188 314 483 
193 183 102 404 320 246 412 373 33 486 372 416 251 167 179 353 478 431 433 229 489 67 427 143 453 292 52 49 227 367 278 420 49 380 70 115 372 482 234 151 213 352 67 210 19 493 63 243 423 496 472 412 309 398 301 261 436 354 56 162 467 335 329 15 461 399 377 333 126 111 484 340 463 297 49 228 35 359 471 459 100 442 116 410 339 163 417 275 16 474 183 229 54 11 491 14 410 368 93 36 
225 324 122 187 367 418 162 403 277 132 361 123 321 223 32 159 386 196 180 403 169 364 378 470 121 369 484 31 236 324 314 461 147 436 394 13 99 55 416 376 435 22 246 255 245 24 160 131 220 87 280 135 197 157 104 318 25 335 349 261 158 409 468 305 344 108 318 190 410 481 65 344 2 57 98 248 82 5 379 302 92 158 438 289 315 41 106 341 376 202 348 33 110 62 84 201 170 403 391 79 
129 202 424 131 260 268 379 342 19 3 390 111 408 327 146 223 369 253 310 491 201 404 271 57 466 355 258 382 3 395 462 132 344 131 10 350 145 135 191 165 139 80 22 293 154 169 262 269 422 318 259 369 222 276 426 434 131 431 62 381 325 270 13 168 401 270 17 292 405 455 203 290 282 226 83 436 395 345 451 62 163 209 431 131 232 356 64 363 286 126 243 358 142 2 272 42 272 290 81 177 
491 284 467 18 9 296 454 404 141 404 466 304 360 142 181 91 245 492 200 30 365 189 134 6 192 407 49 210 443 377 387 433 160 100 452 417 396 151 320 283 302 32 333 408 421 13 245 165 5 445 196 370 133 76 376 71 483 171 282 425 47 415 104 455 14 302 371 157 199 437 440 0 469 19 154 136 32 399 301 284 89 243 153 470 320 276 287 302 447 68 474 241 484 77 195 244 379 312 147 324 
248 334 71 464 353 225 99 385 371 400 169 206 143 68 175 209 344 463 10 37 277 484 24 6 307 219 251 432 277 398 256 24 478 327 234 330 51 333 462 168 480 377 375 369 445 296 77 35 258 87 72 282 318 96 288 124 61 38 56 84 183 58 108 160 385 89 491 182 422 198 351 147 74 472 15 18 267 92 300 25 180 372 307 244 214 341 114 21 380 170 105 309 228 461 215 359 49 205 41 217 
149 138 365 223 109 380 242 376 219 41 147 145 160 200 389 120 41 2 389 167 420 494 476 394 200 190 253 249 142 40 213 291 178 324 14 287 450 2 409 168 290 56 313 196 256 201 63 43 451 452 210 370 445 432 9 392 122 262 387 10 48 99 47 226 423 61 259 373 310 168 287 347 224 100 42 226 47 105 16 498 56 226 113 248 158 123 139 26 131 25 283 180 372 330 406 40 138 412 159 448 
79 447 40 49 46 83 275 93 435 291 338 238 264 451 486 168 320 371 194 452 142 477 378 13 52 29 301 190 441 460 385 19 152 425 315 445 254 90 285 189 127 122 427 137 319 158 305 139 28 245 337 417 468 214 177 20 490 478 457 431 183 341 196 336 266 11 280 266 348 64 455 221 433 127 359 252 285 410 137 59 155 474 477 122 434 153 389 169 377 346 99 59 433 42 141 198 300 422 211 147 
232 165 114 412 293 473 163 324 383 300 384 284 19 360 152 199 259 41 368 135 133 214 194 65 256 336 10 302 3 221 195 482 132 309 393 425 28 302 249 157 348 379 441 367 238 92 312 497 380 180 378 259 394 71 325 396 153 335 197 403 302 392 385 434 200 23 105 475 326 100 131 173 479 71 287 216 411 345 459 36 24 336 296 164 153 120 306 307 201 2 456 249 140 340 182 87 110 33 61 436 
133 193 355 111 10 388 73 421 233 278 458 3 113 500 168 13 119 474 66 66 223 21 315 109 108 243 443 218 277 4 400 410 444 254 268 454 389 341 121 368 119 325 371 479 324 285 492 189 5 304 1 475 326 316 83 434 305 26 398 328 277 297 238 467 297 5 166 185 92 287 52 211 358 170 437 428 455 174 116 206 479 117 180 304 179 10 484 231 36 381 58 59 177 42 25 474 294 438 406 387 
225 204 344 329 120 280 257 322 455 119 27 433 484 208 483 409 218 466 139 0 92 198 306 269 487 77 489 281 14 140 167 486 91 10 315 211 37 318 32 492 183 60 170 166 14 152 75 479 364 461 225 456 405 30 471 392 107 205 172 368 346 85 354 437 342 415 394 379 479 427 116 161 233 32 328 247 431 149 472 294 109 196 496 261 226 466 152 79 171 70 193 263 155 293 446 497 207 339 376 185 
265 238 347 498 271 421 491 201 69 462 242 425 157 237 185 129 450 83 455 120 153 395 129 308 187 74 51 395 413 173 326 425 411 172 422 428 339 159 129 154 120 117 79 24 354 10 400 303 341 101 169 494 496 298 48 429 118 99 323 31 272 396 456 429 314 123 357 153 282 486 307 149 102 132 420 202 390 65 5 230 413 421 223 154 466 17 83 83 116 152 114 134 47 316 63 362 186 420 14 468 
151 67 363 253 200 28 201 89 341 453 319 253 374 288 408 339 306 491 422 422 142 283 56 437 345 366 298 30 285 58 245 436 125 107 435 325 383 135 414 223 88 479 222 208 267 129 46 72 366 214 240 255 243 42 191 88 408 235 118 192 293 363 374 418 217 308 243 346 444 403 315 278 382 36 486 148 166 278 467 278 492 206 279 482 496 470 69 403 451 434 342 243 43 215 161 6 23 150 352 213 
299 166 491 180 202 476 74 114 500 40 139 491 494 418 218 489 134 287 137 84 468 479 74 10 441 482 263 210 378 361 423 176 26 159 357 475 381 431 336 380 218 221 116 211 138 335 199 18 368 82 350 335 61 424 91 248 151 354 458 28 214 380 204 487 285 307 208 165 485 290 44 202 10 160 413 148 241 358 414 109 440 263 444 247 433 282 495 83 382 452 358 343 77 61 75 362 369 283 273 353 
72 63 301 82 471 460 478 211 317 137 320 2 400 10 497 78 38 491 161 420 189 18 8 12 326 84 121 441 367 394 39 186 458 340 14 428 299 238 138 362 375 205 365 20 215 361 98 500 97 5 419 32 270 174 45 96 258 166 36 371 59 323 303 263 162 318 190 208 55 75 69 177 280 180 197 241 287 42 240 385 47 405 417 318 78 208 160 336 374 196 454 180 18 256 443 428 320 133 135 122 
455 451 299 234 131 242 475 164 284 461 295 78 365 459 396 190 166 55 272 40 498 225 467 263 228 409 190 47 288 71 169 242 268 214 476 399 457 196 310 240 403 104 318 14 62 460 204 229 261 222 15 259 194 228 268 422 136 204 215 425 275 385 413 289 98 135 435 301 331 244 288 481 348 352 495 157 312 445 132 72 166 147 77 360 121 345 27 257 295 243 428 316 374 341 105 218 476 39 19 52 
283 307 32 377 158 273 33 216 217 165 35 130 58 359 236 179 451 10 437 245 253 110 61 373 451 166 90 172 205 356 472 234 162 250 110 67 23 144 29 487 309 64 116 114 424 99 293 374 109 476 365 108 86 426 481 283 91 317 202 42 173 173 22 81 423 133 395 446 23 425 433 78 235 295 192 405 394 486 24 249 461 390 357 293 315 337 76 153 401 278 442 73 197 465 401 119 344 296 312 367 
220 491 191 201 31 384 106 426 115 377 421 322 266 278 115 328 361 438 227 261 462 168 80 158 379 482 23 469 277 335 81 243 325 273 190 357 403 296 28 17 173 449 85 185 473 447 12 334 384 486 341 91 401 422 249 279 403 273 248 426 354 75 415 426 348 104 282 250 401 56 13 320 251 99 251 224 292 10 304 423 496 144 13 396 312 9 422 214 28 416 386 382 491 300 307 339 405 335 335 51 
391 349 117 142 194 114 112 486 124 416 408 120 59 168 262 372 177 183 332 205 345 465 86 336 264 140 421 415 475 255 212 112 350 75 0 43 190 112 276 314 27 183 180 333 351 189 451 274 118 283 479 464 494 312 45 3 198 466 419 419 220 377 30 317 199 30 360 389 389 135 449 162 65 376 496 162 64 446 437 182 475 161 392 468 219 437 218 163 402 383 82 369 259 359 185 458 390 44 92 24 
427 41 187 238 163 182 400 227 374 82 155 95 491 47 309 456 484 26 366 132 409 448 0 415 306 185 372 442 476 211 467 148 499 400 386 161 328 32 388 201 361 289 42 97 336 352 53 66 124 165 198 33 112 198 448 164 129 65 353 104 276 65 500 20 465 385 181 292 163 315 239 24 104 28 368 440 380 421 5 3 85 203 283 444 147 477 355 276 289 207 127 64 272 126 85 236 257 12 274 421 
328 259 191 432 287 58 371 413 226 123 163 57 72 446 248 220 169 102 496 458 309 122 268 327 495 99 309 252 112 82 419 440 87 356 371 375 414 488 33 386 357 196 190 430 389 438 396 57 39 391 14 94 260 282 421 254 382 229 252 494 57 417 179 391 272 296 11 433 29 45 318 387 241 254 62 129 191 458 186 477 348 447 70 354 229 237 355 357 212 353 96 15 270 21 407 41 317 418 220 346 
463 285 232 451 38 294 79 230 251 12 453 346 459 270 446 434 253 46 36 466 400 132 227 169 153 380 457 216 298 177 62 6 462 40 457 246 335 283 222 332 41 175 424 246 191 370 180 444 416 463 409 61 342 136 230 495 262 434 458 59 357 19 313 64 59 15 310 140 44 32 473 85 454 396 332 144 11 258 87 174 220 243 235 308 125 466 49 387 145 6 447 1 25 5 65 331 267 375 472 312 
153 190 143 106 85 221 497 344 479 84 17 446 327 252 253 452 464 302 338 355 54 30 356 79 282 167 411 49 42 128 361 442 318 3 295 149 225 291 493 450 375 256 141 201 255 141 399 465 189 237 320 244 13 422 323 296 89 480 345 378 107 452 319 171 201 113 321 172 405 59 122 25 316 9 474 317 150 372 281 340 355 100 83 369 269 152 411 358 379 255 235 232 206 300 404 153 160 224 326 64 
283 194 336 345 203 309 161 354 428 189 440 282 35 269 397 304 167 307 161 45 61 142 278 13 443 428 167 102 151 239 413 180 433 248 272 135 304 179 235 231 368 421 12 404 436 156 207 103 463 115 395 271 257 419 284 446 346 197 294 243 436 206 170 114 201 442 250 251 120 231 482 235 152 240 138 87 396 91 437 359 453 332 376 457 250 406 402 343 103 443 85 285 148 255 400 95 443 396 346 310 
126 327 44 24 314 429 359 209 266 295 314 219 126 189 175 123 342 323 466 191 265 50 476 160 52 121 255 241 263 348 297 136 421 341 160 234 15 265 190 282 60 250 247 186 186 168 309 27 491 20 218 2 318 440 162 116 308 163 357 317 10 154 453 432 241 360 412 3 124 101 31 184 98 278 117 284 192 172 57 182 193 275 184 257 461 92 373 268 256 229 85 12 129 37 190 117 143 102 120 268 
450 151 198 294 175 61 77 367 481 134 295 420 155 226 176 116 318 48 384 320 277 215 79 153 500 269 270 142 117 390 156 314 287 101 107 208 162 185 74 142 65 115 61 221 341 484 337 406 31 467 472 55 182 50 208 428 66 224 69 183 360 473 243 146 73 351 354 482 282 174 371 347 289 178 314 377 162 397 282 193 110 253 495 38 50 449 466 116 172 34 45 31 6 289 177 326 139 277 308 167 
451 425 260 487 102 74 363 10 217 391 451 327 390 445 365 440 394 330 302 65 111 94 344 364 383 20 190 268 44 244 435 241 415 194 474 16 14 336 274 232 473 224 305 363 415 170 48 308 246 97 120 103 191 464 468 320 230 404 87 20 394 268 262 308 208 235 70 223 318 344 201 36 314 5 145 229 422 441 36 168 37 403 17 475 366 485 294 343 134 127 363 27 141 371 81 349 353 152 318 417 
242 265 453 56 271 98 285 439 38 321 353 322 471 371 42 82 355 336 425 236 209 34 263 96 405 345 191 3 243 9 420 485 20 373 40 291 217 325 230 1 393 82 69 363 453 111 445 54 193 116 290 148 150 299 244 301 390 435 305 132 190 224 117 211 343 157 248 306 229 224 307 121 53 122 230 252 233 174 306 426 36 342 320 186 388 63 488 277 245 38 410 181 262 273 392 352 430 387 157 405 
110 211 25 163 333 1 416 313 423 468 238 459 56 305 145 444 114 379 467 359 163 376 40 171 395 178 22 71 64 427 476 422 137 248 84 216 249 500 28 171 214 13 130 270 318 21 213 432 146 179 37 309 302 77 480 196 1 249 267 313 175 490 234 58 237 318 274 486 64 303 157 278 316 33 47 380 301 260 311 447 185 348 1 487 171 227 430 173 476 443 486 397 432 219 455 168 283 476 401 347 
24 304 124 340 337 418 466 137 424 276 330 109 371 77 342 41 304 271 461 26 461 192 423 392 411 124 60 441 346 207 287 370 10 158 456 347 75 421 230 500 443 306 355 313 383 196 101 186 214 61 459 421 254 382 312 411 252 118 351 97 325 385 467 335 42 168 428 364 88 404 363 277 209 464 90 338 407 191 271 120 499 229 287 499 357 98 410 108 217 6 452 288 391 164 123 433 332 297 297 166 
201 406 444 156 370 280 495 22 217 11 389 215 240 175 461 97 273 370 452 236 376 404 24 13 67 394 446 146 190 489 312 391 141 1 294 257 281 288 279 244 299 167 460 285 342 420 128 361 35 80 97 157 230 368 170 43 261 363 189 197 351 248 88 238 249 128 495 277 416 273 20 461 186 226 245 274 392 374 135 427 200 232 331 430 99 0 473 106 363 162 303 461 156 137 445 151 265 440 428 427 
459 195 387 392 421 379 165 59 499 300 486 198 278 62 127 123 63 346 229 172 254 279 379 410 162 324 61 428 9 235 354 214 430 488 105 97 366 271 156 364 317 388 308 95 451 435 465 260 26 441 178 281 219 57 190 127 127 251 54 383 233 155 96 162 389 449 5 0 219 408 110 282 42 418 123 239 98 88 499 124 275 176 405 240 480 95 367 353 92 422 235 325 323 332 234 211 280 239 211 245 
394 321 273 436 485 397 174 82 231 172 206 252 94 111 492 321 453 358 173 291 25 155 116 348 487 96 305 12 81 262 3 475 329 276 410 313 419 83 141 396 1 348 147 96 205 138 163 404 243 82 194 268 237 56 363 470 152 414 228 481 423 231 455 251 254 365 311 419 448 198 61 450 292 208 292 497 93 201 146 82 283 341 350 267 143 459 236 42 119 465 22 41 442 477 38 442 341 95 107 35 
294 168 231 85 122 269 329 215 470 475 297 499 61 394 265 205 98 248 494 217 459 15 258 400 492 43 88 79 138 195 361 432 363 91 264 485 106 92 447 75 66 490 320 375 129 85 79 228 333 72 191 291 334 450 437 325 493 24 150 130 466 10 309 74 348 72 306 454 411 499 275 477 488 95 351 364 427 176 338 259 495 28 296 328 478 232 400 216 3 49 93 215 307 402 290 401 220 95 355 130 
93 376 353 327 471 451 190 143 126 274 402 368 303 444 195 280 176 341 243 426 137 336 140 444 484 430 90 450 271 191 79 110 67 178 438 284 128 374 428 1 148 75 115 451 19 56 477 442 398 219 367 34 301 253 224 30 183 314 480 200 5 305 311 319 230 495 102 358 368 276 105 262 352 467 459 117 23 182 58 421 147 425 455 449 177 425 225 106 238 205 53 490 256 364 308 486 358 411 90 472 
433 195 481 30 409 439 147 432 367 205 352 14 376 52 209 300 477 434 406 214 385 459 204 141 68 258 126 172 415 216 144 348 158 371 378 66 55 25 498 423 230 95 183 353 147 392 152 370 71 304 330 457 9 280 97 77 38 470 250 453 186 140 300 344 257 425 156 312 450 153 234 426 248 163 24 141 54 176 10 126 481 340 329 490 120 426 313 158 395 309 357 327 195 157 417 452 328 72 264 23 